   1.6689227890485114E-005  -561.98651564630222     
  -9.9833107721095157E-003   2.0111560226155234E-002
   176187.49448223211       -556.35442023573376     
 
   17648203.861072633       0.45905931410822920     
  -64135.624621255221       -4173.2939154318910     
 
   5.6663012713495649E-008   6.2328904406607686E-012
  -8.7080320412229501E-007  -2.3961897245064571E-004
 
  -3.6410512944635824       -8.4209553746417232     
 
 
   1.1295651765975452E-005   275.76673278641886     
  -9.9887043482340242E-003   2.3069243807071871E-002
   176413.62652548004        268.42086190140697     
 
   17661311.973583058      -0.12221611342501257     
   17138.959817114002       -4214.4796884146135     
 
   5.6620936747913887E-008  -1.6419561462916057E-012
   2.3025949381070575E-007  -2.3727722093200941E-004
 
   159.93048883330118        629.49009488324407     
 
 
  -1.9257721000367627E-005   130.84231402479392     
  -1.0019257721000367E-002   0.0000000000000000     
   177393.68582946796        75.778374832613153     
 
   17705272.263598002       0.15890348607059532     
   7563.2723444007852       -4208.3736833336534     
 
   5.6480350540911984E-008   2.1326349014545405E-012
   1.0150625999299447E-007  -2.3762148020043549E-004
 
  -21.104692825684332       -89.969337847595881     
 
 
   9.9761303311864802E-008   131.77149919250488     
  -1.4393017636763059E-007  -1.4623960859694307E-004
   1.3249032392128519      -0.32145472059896085     
 
   9205181.4372632131       -1.0157882862367866E-003
   2031174.2763639975       -4197.2349235376923     
 
   1.0863447507439597E-007  -2.6291029516414102E-014
   5.2571646647654547E-005  -2.3825210444946936E-004
 
  -24.080619845508011       -396.96441481141301     
 
 
   1.4492802033228928E-007   131.86905736820628     
   1.1043511100017642E-007   8.2056055759949231E-005
  0.87732936239780301      -0.15598188545713351     
 
  -7944297.0451522851       -4.4357526584817977E-004
   4531070.8213511817       -4197.2212835549199     
 
  -1.2587645376796775E-007   1.3303011128558192E-014
  -1.3588874358326088E-004  -2.3825285162857665E-004
 
  -23.744589165381708       -396.96181765648606     
 
 
   6.0851660714593978E-008   132.06542250611602     
   1.2305368842287367E-008   8.5888774776776700E-006
   5.0440424314876928E-002  -8.4286395058044764E-003
 
  -4099057.9302890040       -5.3287146061620487E-004
   3614490.4818597194       -4197.1723471559144     
 
  -2.4395846681247672E-007   3.0972877401173180E-014
  -2.1009038546160783E-004  -2.3825561719581254E-004
 
  -23.666669008256005       -396.95662867811882     
 
 
   2.7931743113248373E-005   132.17948372385922     
  -9.9720682568867521E-003   1.5211772644420307E-002
   175794.16162352960       -42.678601437971700     
 
   17628655.744292200      -0.21458965619274542     
  -10683.516530596733       -4197.9430091075556     
 
   5.6725820931910205E-008  -2.8996997778723234E-012
  -1.4436385732796535E-007  -2.3821189731529975E-004
 
  -23.582541178972367       -396.95403685699762     
 
 
   1.3389932010184094E-006   33.216172280876812     
  -2.5111062966565058E-005   3.7908754155580482E-002
   421.08513743515670        151.48103505479116     
 
   16768906.926285421       -1.5755921245626078E-003
  -313473.77399054461       -4203.5856435121059     
 
   5.9634178744571607E-008  -2.2352141802968673E-014
  -4.4470965159803215E-006  -2.3789214204226068E-004
 
   1.2028742971572473       -81.542277128066402     
 
 
  -1.6800823376553684E-005   26.992145472845056     
  -1.0016800823376554E-002   0.0000000000000000     
   177367.92917072255       -47.101032596034230     
 
   17707043.625824414        1.3805211678112776E-002
  -4702.2031711071068       -4203.3724582272598     
 
   5.6474701367637831E-008   1.8548087626935031E-013
  -6.3176775909653618E-008  -2.3790420925342198E-004
 
  -165.65040280252339       -557.74463060871608     
 
 
   5.3688471459139191E-008   141.08187586373651     
  -7.6148845362691748E-008   1.3830977670181710E-004
  0.30948183371801918       0.13434746630247349     
 
   4064168.8137642187       -5.1472003661321873E-004
  -5872796.4046602193       -4204.7217875157767     
 
   2.4605272785957788E-007  -3.0120487274257985E-014
  -3.4366544293631132E-004  -2.3782782158800761E-004
 
   7.7804070375772572       -370.56764747264731     
 
 
   1.4337061887875522E-007   141.04583239192243     
  -1.8266400452996047E-007   3.2828170492393838E-004
   1.6587505105086162       0.71243940335390021     
 
   9080881.8613631409       -8.0738140245149208E-004
  -3656463.6725862739       -4204.7536597958488     
 
   1.1012145493692514E-007  -2.1145118577836074E-014
  -9.5761876230524086E-005  -2.3782604252069178E-004
 
   7.7811526967778128       -370.56465049566401     
 
 
   1.5137453292962139E-005   60.862653705960120     
  -9.9848625467070379E-003   9.1602429272157337E-003
   176259.10039400059       -9.9389156243233092     
 
   17652631.592477005       -3.8804597383601973E-002
  -4852.1249281509990       -4203.9152398783945     
 
   5.6648777391864101E-008  -5.2290136064402855E-013
  -6.5383560145301968E-008  -2.3787349182895136E-004
 
  -118.93263275571188       -873.14706367885265     
 
 
   3.0197981456876771E-005  -112.48523905790661     
  -9.9698020185431235E-003   3.0825718042791550E-002
   175743.21549771808        175.97219152150581     
 
   17627553.706928212       0.16322708632650995     
   4637.5943527871432       -4208.7030641684050     
 
   5.6729368488809257E-008   2.2001479758470189E-012
   6.2510420652084208E-008  -2.3760288491490321E-004
 
  -325.07319357617286       -1049.8818609230723     
 
 
   2.8248429421666176E-005  -113.55327299309884     
  -9.9717515705783338E-003   2.7824807559241549E-002
   175798.14750568013        180.66974366077434     
 
   17629616.070140988       0.15203847457776584     
   6374.7332079033959       -4208.5641574893725     
 
   5.6722731961861142E-008   2.0491638760021987E-012
   8.5918206197903883E-008  -2.3761072648912141E-004
 
  -400.07294552023706       -1282.3311674461606     
 
 
  -1.1216967983261830E-008  -125.43064223530597     
  -7.1401168484814216E-008  -5.1168666175271937E-005
  0.39942672852125949       -6.8148813699167574E-002
 
   5594120.2102233516        1.7328568976921301E-004
   2059738.2395729029       -4206.0219053182736     
 
   1.7875911622402716E-007   7.3647730455819989E-015
   8.7540435035138954E-005  -2.3775434539845185E-004
 
  -405.77646504713755       -1294.6346047688612     
 
 
   3.6301253224654307E-007   230.72174195678775     
  -1.2446384046445661E-006  -1.2429812714458421E-003
   16.913304622795305       -4.0251772289872934     
 
   13588934.044086365       -3.6739544533941223E-003
   973898.16726968647       -4213.5214830437872     
 
   7.3589293998087710E-008  -6.4165737731351693E-014
   1.7009164150181447E-005  -2.3733118877289046E-004
 
  -124.36934714730688       -109.31550143955489     
 
 
  -1.1975853746962214E-007  -99.623369372762681     
  -2.5736668229892430E-007  -1.4310764065328385E-004
   1.6975043378261194      -0.22568419300194512     
 
   6595664.4734492516        3.8249253180711843E-004
   1457646.2433633890       -4198.4744342008098     
 
   1.5161474388088093E-007   1.3812518845866165E-014
   5.2638325020201426E-005  -2.3818174804643923E-004
 
  -5.4172282315931781       -121.80512986243581     
 
 
  -6.7949657352280340E-006  -172.30651857800365     
  -1.0006794965735229E-002   0.0000000000000000     
   176952.39364644620        32.275491605666090     
 
   17683223.674748790       -3.3350601795181657E-002
   3225.3575411726579       -4205.8648741756915     
 
   5.6550774894868109E-008  -4.4842200858802910E-013
   4.3367172679808972E-008  -2.3776322620025007E-004
 
  -348.38127767245135       -1058.9024319332516     
 
 
  -4.7235943769584660E-006  -16.274658660684622     
  -1.0004723594376959E-002   0.0000000000000000     
   176913.99163305064        32.019211261620562     
 
   17683046.409446348       -2.2419418674106222E-002
   3200.4093825860145       -4204.4220928239583     
 
   5.6551341766025304E-008  -3.0155112394612667E-013
   4.3046925544112770E-008  -2.3784481645453042E-004
 
  -6.5606079493172791       -142.63294773631446     
 
 
  -1.0147796743883417E-005   349.30213783641153     
  -1.0010147796743883E-002   0.0000000000000000     
   177054.16005378691        292.05509022042128     
 
   17687467.123250604       0.16119936528836909     
   29175.901909791664       -4218.3309205840960     
 
   5.6537203998561358E-008   2.1605136181409842E-012
   3.9103710665912009E-007  -2.3706057106268950E-004
 
   200.62598270259292        635.28249303080065     
 
 
   1.8791908589900919E-007   88.162994592242939     
  -1.1166428931082187E-006  -9.6285749384605879E-004
   15.128460155157004       -3.1129291593619492     
 
   13548164.075878937       -1.0124419198139216E-003
   839469.05181181780       -4206.5584325524751     
 
   7.3810739913718400E-008  -1.7764899363536634E-014
   1.4729816034268278E-005  -2.3772402807353818E-004
 
  -86.970680236687727       -206.82548743231962     
 
 
   3.2572437602982095E-008   88.134414854709618     
  -6.3479294326483863E-008  -5.3318910374855477E-005
   8.9161671200223558E-002  -1.7886619796718621E-002
 
   1404579.0446345136       -2.8843316790815981E-004
   3251490.1520181610       -4206.5548331492037     
 
   7.1195719639170104E-007  -4.8817162194587398E-014
   5.5031300067305382E-004  -2.3772426567416927E-004
 
  -86.802638382946341       -206.82435680411717     
 
 
   5.8870474598043897E-007   88.106423775038380     
  -4.0856255341110858E-006  -3.1970229787674498E-003
   62.455637289261389       -11.660591179149019     
 
   15286678.638567373       -2.2796895770408965E-003
   437611.40508781356       -4206.5720512756034     
 
   6.5416434737564746E-008  -3.5451470370792864E-014
   6.8052983694074866E-006  -2.3772325858788682E-004
 
  -86.426341234052344       -206.82322558008397     
 
 
   1.4193278140489991E-007   91.889173860561414     
  -1.0307110442273449E-006  -2.1653072293759124E-004
   13.996466500680432      -0.70602827406186064     
 
   13579428.264890360       -8.6008594343437372E-004
   197551.41640084077       -4201.0052358795547     
 
   7.3640803093597939E-008  -1.5076729508231933E-014
   3.4629437811185785E-006  -2.3803826627915678E-004
 
  -92.025218839603028       -223.37986918589107     
 
 
   2.8063156590680576E-005   91.909040897276057     
  -9.9719368434093188E-003   1.4371514160700372E-003
   175819.45306750198       -56.865464268932243     
 
   17631424.641394522       -5.8577690467692033E-002
  -6308.0595860905469       -4201.4414490359086     
 
   5.6716913995937024E-008  -7.9076333030871527E-013
  -8.5154982490031097E-008  -2.3801355014510189E-004
 
  -92.219210527386139       -223.37882203666652     
 
 
  -4.6865246576453187E-006   392.51338838939984     
  -1.0004686524657646E-002   0.0000000000000000     
   176924.72994719254       -149.01319118581316     
 
   17684185.257693198       0.12414844746646668     
  -14894.338849940867       -4195.5733023659386     
 
   5.6547701256813916E-008   1.6732658001403933E-012
  -2.0074506223720676E-007  -2.3834645538388632E-004
 
   518.64919902417569        1570.5247539316781     
 
 
   6.6899697632888152E-008  -179.57233505045747     
  -3.8772507838747176E-007   6.3124270357661771E-004
   5.5243765471688606        2.1432346101521822     
 
   14248180.468741387        5.4171356911361212E-004
  -1316404.3391872009       -4203.8309047837938     
 
   7.0184401025769694E-008   9.0440941219842312E-015
  -2.1977822644683561E-005  -2.3787826736030801E-004
 
  -53.880470472524095       -125.70783372703684     
 
 
   1.0342614223389286E-006  -126.15103637589681     
  -2.2764699935300018E-005   2.1611060922452907E-003
   383.37672674040687        9.2458745756360923     
 
   16840843.531614564        1.0602967186911817E-002
   6800.1702339277899       -4206.6748936585709     
 
   5.9379448369375725E-008   1.4966650824063323E-013
   9.5988011319149494E-008  -2.3771744293568073E-004
 
  -80.637416233805610       -189.83956125146469     
 
 
   1.2017896778587996E-005  -127.22199750555292     
  -9.9879821032214117E-003   1.8656706030000691E-002
   176399.82822153048       -28.105360796767336     
 
   17661208.061336093        9.7357173700123673E-002
  -10655.688728281199       -4198.1401965013292     
 
   5.6621269084132068E-008   1.3130782849842216E-012
  -1.4371569088225703E-007  -2.3820071917206084E-004
 
  -198.24044716632224       -498.24039772440790     
 
 
  -1.8284646062656799E-005   154.02926572846187     
  -1.0018284646062657E-002   0.0000000000000000     
   177418.14182011408        4.2813363174485524     
 
   17709433.110372063       0.22581362391766374     
   427.35223330841404       -4205.9662406457182     
 
   5.6467081270870021E-008   3.0316544461542807E-012
   5.7374053686672658E-009  -2.3775749530288462E-004
 
  -165.57800271751236       -337.88057691725419     
 
 
  -1.5468492773203093E-005  -26.721444466382099     
  -1.0015468492773204E-002   0.0000000000000000     
   177247.91876667368       -74.868993282503936     
 
   17697416.640526533       -4.3926347738511728E-002
  -7475.3361099917620       -4202.3431329364021     
 
   5.6505422000112150E-008  -5.9064115836583709E-013
  -1.0051464340861903E-007  -2.3796248044266803E-004
 
  -19.566432395086050       -93.968682042667240     
 
 
   3.0112008563306977E-005   218.29113238029981     
  -9.9698879914366934E-003   1.1442372663736933E-002
   175746.00260426872       -99.407304322289050     
 
   17627680.495040264      -0.22022390356973159     
  -14787.568582396749       -4196.9528105015861     
 
   5.6728958541266604E-008  -2.9767007777983868E-012
  -1.9987915111598907E-007  -2.3826809619580192E-004
 
  -4.5645181168158286       -25.557984723935469     
 
 
   2.8997355002936976E-005   244.09139946023720     
  -9.9710026449970641E-003  -1.2074955679167942E-002
   175732.78919628623        44.008219907794604     
 
   17624385.271725632      -0.24551124051892240     
   9510.3445321551353       -4208.6655990684394     
 
   5.6739569412524628E-008  -3.3098856977522256E-012
   1.2821471343284678E-007  -2.3760500993462083E-004
 
  -105.33145176908526       -125.34124370497869     
 
 
  -2.2438368699011315E-006   327.23050723552444     
  -1.0002243836869901E-002   0.0000000000000000     
   176797.42125738892       -38.819466590972482     
 
   17675775.969956342        7.8874499079133159E-002
  -3881.0758089964957       -4199.9440475511001     
 
   5.6574602768399822E-008   1.0624649765418533E-012
  -5.2279344610804900E-008  -2.3809841102682934E-004
 
  -153.78381833399294       -47.269203230283388     
 
 
   2.2150091537657015E-005   143.19428010029972     
  -9.9778499084623440E-003   2.0078058943511223E-002
   175968.82346510535        23.558637150131112     
 
   17635945.931968883       -9.7726718123578055E-002
  -6087.2769763717206       -4198.4423598266530     
 
   5.6702373426591372E-008  -1.3198554106211786E-012
  -8.2212168867211161E-008  -2.3818357053899460E-004
 
  -10.160150868719329       -116.76056888650578     
 
 
