   0.0000000000000000       0.50000000000000000       0.37699111843077521        3.6442474781641603        1.0000000000000000        0.0000000000000000     
   1.0000000000000001E-007  0.50173557774644639       0.37413397921234137        3.6439798112408130        1.0000295354260469       -7.6261888874553027E-003
   2.0000000000000002E-007  0.50348514934117861       0.37203956549747658        3.6431080759548871        1.0000370883232752       -1.5311925387378409E-002
   2.9999999999999999E-007  0.50525306720098284       0.37071815025335114        3.6416282053459348        1.0000449677738175       -2.3073141448096354E-002
   4.0000000000000003E-007  0.50704371109872015       0.37018248919265911        3.6395357641915087        1.0000532752411451       -3.0925594441898668E-002
   5.0000000000000008E-007  0.50886148452214575       0.37044765119447071        3.6368260130711905        1.0000621160222072       -3.8884745863363504E-002
   5.9999999999999997E-007  0.51071081132990048       0.37153071866289278        3.6334939934037571        1.0000715997328966       -4.6965640458536337E-002
   7.0000000000000007E-007  0.51259613288976358       0.37345035166165108        3.6295346325615068        1.0000818406895498       -5.5182789189949552E-002
   8.0000000000000007E-007  0.51452190582989787       0.37622621388253047        3.6249428674278183        1.0000929581517803       -6.3550060311056034E-002
   9.0000000000000007E-007  0.51649260034687483       0.37987826768641197        3.6197137837749325        1.0001050764102977       -7.2080585963495217E-002
   1.0000000000000002E-006  0.51851269858567717       0.38442595999553308        3.6138427676063785        1.0001183246508871       -8.0786691311506106E-002
   1.1000000000000001E-006  0.52058669183152573       0.38988734030659455        3.6073256633790161        1.0001328365497488       -8.9679853521487579E-002
   1.1999999999999999E-006  0.52271907404267415       0.39627817708173718        3.6001589328054462        1.0001487494205570       -9.8770692944906702E-002
   1.3000000000000000E-006  0.52491432764244517       0.40361116577281075        3.5923398072168240        1.0001662026303726      -0.10806899111141501     
   1.4000000000000001E-006  0.52717689570988402       0.41189534611200757        3.5838664266498212        1.0001853347533731      -0.11758371355373468     
   1.5000000000000000E-006  0.52951113328895272       0.42113585973478013        3.5747379604235858        1.0002062785838013      -0.12732299317020895     
   1.6000000000000001E-006  0.53192123032343919       0.43133417223043918        3.5649547073735746        1.0002291527368441      -0.13729400207391998     
   1.7000000000000000E-006  0.53441110079857135       0.44248884705139385        3.5545181790707141        1.0002540482536726      -0.14750261433700970     
   1.8000000000000001E-006  0.53698423791088035       0.45459688640490392        3.5434311753204377        1.0002810087002745      -0.15795275277523058     
   1.9000000000000000E-006  0.53964354368025591       0.46765554729324976        3.5316978658701497        1.0003100031725287      -0.16864534032405842     
   2.0000000000000003E-006  0.54239115214042499       0.48166440868439669        3.5193238922074475        1.0003408938047156      -0.17957685907011350     
   2.1000000000000002E-006  0.54522827508899829       0.49662732684168093        3.5063164949967049        1.0003734029176310      -0.19073766388769511     
   2.2000000000000001E-006  0.54815510344958340       0.51255379914622234        3.4926846536607239        1.0004070893175301      -0.20211038519586044     
   2.3000000000000000E-006  0.55117079019614856       0.52945920563707849        3.4784391959997154        1.0004413465800173      -0.21366893184391456     
   2.3999999999999999E-006  0.55427351911738965       0.54736346380616219        3.4635928044530373        1.0004754352876069      -0.22537867566997125     
   2.5000000000000002E-006  0.55746063236894650       0.56628785533474790        3.4481598250948697        1.0005085536038696      -0.23719826072177808     
   2.6000000000000001E-006  0.56072876487577827       0.58625016484618897        3.4321557939495757        1.0005399347121449      -0.24908305068269404     
   2.7000000000000004E-006  0.56407391421573394       0.60725875732445256        3.4155966447930672        1.0005689417715302      -0.26098957479157825     
   2.8000000000000003E-006  0.56749137432065355       0.62930667319357114        3.3984976528113542        1.0005951183399173      -0.27287963613658706     
   2.9000000000000002E-006  0.57097549088977839       0.65236705178001675        3.3808722792059993        1.0006181585415530      -0.28472234128342794     
   3.0000000000000001E-006  0.57451924833264678       0.67639108462338904        3.3627311708816747        1.0006377922979264      -0.29649259503174785     
   3.1000000000000004E-006  0.57811375492817751       0.70130925658808718        3.3440815837310218        1.0006536314200125      -0.30816581414517635     
   3.2000000000000003E-006  0.58174773435824256       0.72703604979997627        3.3249274000195070        1.0006650646071895      -0.31971052316621795     
   3.3000000000000002E-006  0.58540714984476638       0.75347778472216254        3.3052697082009685        1.0006712865574725      -0.33108223885920496     
   3.4000000000000001E-006  0.58907509283211346       0.78054290814105654        3.2851076813386459        1.0006714730386643      -0.34222230560011552     
   3.5000000000000004E-006  0.59273206051008809       0.80815379561451750        3.2644393520582460        1.0006649976828965      -0.35306326669678656     
   3.6000000000000003E-006  0.59635667155306604       0.83625889669124898        3.2432619344842983        1.0006515155002942      -0.36353866705872323     
   3.7000000000000002E-006  0.59992668809366578       0.86484381576893865        3.2215715802264024        1.0006307976182056      -0.37359215697840742     
   3.8000000000000000E-006  0.60341998029336652       0.89393979905920362        3.1993627419139030        1.0006023839943625      -0.38318081928929137     
   3.9000000000000008E-006  0.60681496242481292       0.92362807570963612        3.1766274662284744        1.0005652948526640      -0.39227126906544924     
   4.0000000000000007E-006  0.61009019313360768       0.95403841248730059        3.1533548388653272        1.0005180519498442      -0.40083196373108038     
   4.1000000000000006E-006  0.61322323739870999       0.98534009384079646        3.1295305233781545        1.0004590602501464      -0.40882764394071869     
   4.2000000000000004E-006  0.61618944866114655        1.0177238417347574        3.1051361193465681        1.0003871143991820      -0.41621944193676985     
   4.3000000000000003E-006  0.61896164769097539        1.0513747728288600        3.0801481310297181        1.0003017040836075      -0.42296872354776904     
   4.4000000000000002E-006  0.62151126693118430        1.0864398658358798        3.0545366441257173        1.0002030371139607      -0.42903975745148454     
   4.5000000000000001E-006  0.62381057063369372        1.1229979644989019        3.0282640736987068        1.0000920242392164      -0.43439918474031847     
   4.6000000000000000E-006  0.62583491572605532        1.1610441659617396        3.0012843504994957       0.99997048081339535      -0.43901560115100074     
   4.6999999999999999E-006  0.62756417656213348        1.2005007053915115        2.9735426972224865       0.99984146900184823      -0.44286421548777033     
   4.7999999999999998E-006  0.62898290771186804        1.2412605141011210        2.9449759517579572       0.99970932737747831      -0.44593662272729967     
   4.9000000000000005E-006  0.63007933122265736        1.2832568486216596        2.9155135559076855       0.99957893837630341      -0.44824645189355239     
   5.0000000000000004E-006  0.63084368720661521        1.3265362651467238        2.8850798799867348       0.99945451582045330      -0.44981841002251283     
   5.1000000000000003E-006  0.63126665746482924        1.3713007252139806        2.8535989010126084       0.99933900484568761      -0.45066134032182925     
   5.2000000000000002E-006  0.63133922836051837        1.4178850030312471        2.8210017391835045       0.99923488298985153      -0.45074779415744598     
   5.3000000000000009E-006  0.63105561146785316        1.4666493801072291        2.7872360407790300       0.99914584596123956      -0.45002935537681765     
   5.4000000000000008E-006  0.63041819593020032        1.5177959108232650        2.7522743807403436       0.99907739300879628      -0.44849010188577515     
   5.5000000000000007E-006  0.62944003650435310        1.5711629139718224        2.7161192659278366       0.99903401930120106      -0.44618789670960307     
   5.6000000000000006E-006  0.62814013175589234        1.6261087013814939        2.6788066167795899       0.99901440601310088      -0.44321636659813485     
   5.7000000000000005E-006  0.62653360697515426        1.6816213736272574        2.6404131976466094       0.99901102923900886      -0.43960229606116691     
   5.8000000000000004E-006  0.62462875354122227        1.7367183000796014        2.6010686945759081       0.99901834072608720      -0.43526025216272551     
   5.9000000000000003E-006  0.62243681231370618        1.7910021256155617        2.5609618601273358       0.99904068499987109      -0.43009788511934793     
   6.0000000000000002E-006  0.61998264604721010        1.8450438408503567        2.5203292988730648       0.99908532821706297      -0.42416940445676382     
   6.1000000000000000E-006  0.61730148388348449        1.9002928050389860        2.4794339122836750       0.99914806324881456      -0.41765173481453971     
   6.2000000000000008E-006  0.61442520338125839        1.9585181384286510        2.4385537079194619       0.99921458865531365      -0.41063276482731481     
   6.3000000000000007E-006  0.61137690485860141        2.0210934550062190        2.3979842981815711       0.99927690198811936      -0.40301705278837263     
   6.4000000000000006E-006  0.60817808225863423        2.0884855645146736        2.3580318771036604       0.99933942575379009      -0.39471655178296616     
   6.5000000000000004E-006  0.60485447878120746        2.1601214535931774        2.3189851076614323       0.99940663212347447      -0.38582999972734383     
   6.6000000000000003E-006  0.60143347013125203        2.2345721692160443        2.2810890374143837       0.99947324256608627      -0.37653118646905043     
   6.7000000000000002E-006  0.59793957238825446        2.3098855231423192        2.2445424681430324       0.99953063257526520      -0.36686931084186852     
   6.8000000000000001E-006  0.59439307070737901        2.3839495588392179        2.2095070350988184       0.99957647967830254      -0.35678245442902606     
   6.9000000000000009E-006  0.59081119447520825        2.4548298766273562        2.1761076811333013       0.99961416749871668      -0.34624688918749091     
   7.0000000000000007E-006  0.58721056875402555        2.5210152332529567        2.1444258530267000       0.99964668457930528      -0.33533253207394914     
   7.1000000000000006E-006  0.58360871862014196        2.5815206481773085        2.1144980886087206       0.99967425578939417      -0.32414338900869821     
   7.2000000000000005E-006  0.58002296320410662        2.6358661634837226        2.0863231134236329       0.99969611552061999      -0.31275808522413906     
   7.3000000000000004E-006  0.57646814610882613        2.6839876013365895        2.0598717188863116       0.99971228952442803      -0.30122172328961327     
   7.4000000000000003E-006  0.57295555246462704        2.7261261535744934        2.0350949472786546       0.99972376356882520      -0.28956357760937107     
   7.5000000000000002E-006  0.56949343298069199        2.7627215157567018        2.0119300934901601       0.99973189213793889      -0.27781117032742503     
   7.6000000000000001E-006  0.56608818508932290        2.7943198598515933        1.9903054350147162       0.99973795758570005      -0.26599454865397437     
   7.6999999999999991E-006  0.56274532636387642        2.8215021846421195        1.9701441673324824       0.99974304189936858      -0.25414621059324333     
   7.8000000000000016E-006  0.55946996132349036        2.8448344436025441        1.9513675405723887       0.99974802569897170      -0.24230084244709998     
   7.9000000000000006E-006  0.55626683447924707        2.8648374620364412        1.9338971632167474       0.99975358323539698      -0.23049520168694723     
   8.0000000000000013E-006  0.55314015202242650        2.8819725459405312        1.9176565963417695       0.99976016365289311      -0.21876723550183963     
   8.1000000000000004E-006  0.55009333621748369        2.8966379960981432        1.9025724453285986       0.99976798901020458      -0.20715420106919905     
   8.2000000000000011E-006  0.54712882890760650        2.9091722029878944        1.8885751244116240       0.99977708369868623      -0.19569035442804497     
   8.3000000000000002E-006  0.54424799551654712        2.9198600444368434        1.8755993928573396       0.99978732761590405      -0.18440496300700635     
   8.4000000000000009E-006  0.54145113165104730        2.9289404244014459        1.8635846996643850       0.99979851569813571      -0.17332114220659423     
   8.4999999999999999E-006  0.53873754833085341        2.9366137023700718        1.8524753480569915       0.99981040833611134      -0.16245558985352918     
   8.6000000000000007E-006  0.53610570388595524        2.9430483892442725        1.8422204944107854       0.99982276664333358      -0.15181900223622885     
   8.7000000000000014E-006  0.53355335597453990        2.9483868723900617        1.8327740082682651       0.99983537302317615      -0.14141687202946343     
   8.8000000000000004E-006  0.53107771309295382        2.9527501413201440        1.8240942294615230       0.99984804076018574      -0.13125041499804740     
   8.9000000000000012E-006  0.52867556905208202        2.9562415943490326        1.8161436604553851       0.99986061632180612      -0.12131744614421865     
   9.0000000000000002E-006  0.52634341170459320        2.9589500589263529        1.8088886284202257       0.99987297802059627      -0.11161311367662832     
   9.1000000000000010E-006  0.52407750501935202        2.9609521699946098        1.8022989440436363       0.99988503310917820      -0.10213047165821827     
   9.2000000000000000E-006  0.52187394755560523        2.9623142408687886        1.7963475757820813       0.99989671450135342       -9.2860911923857495E-002
   9.3000000000000007E-006  0.51972871260666365        2.9630937413900931        1.7910103507961588       0.99990797736300163       -8.3794483778299733E-002
   9.3999999999999998E-006  0.51763767565340379        2.9633404751551895        1.7862656888572062       0.99991879590639710       -7.4920120370112933E-002
   9.5000000000000005E-006  0.51559663365243358        2.9630975253844358        1.7820943716775726       0.99992916056615277       -6.6225802052622448E-002
   9.5999999999999996E-006  0.51360131949576127        2.9624020214304396        1.7784793470821050       0.99993907548885985       -5.7698682770318990E-002
   9.7000000000000020E-006  0.51164741392045388        2.9612857651389808        1.7754055656063088       0.99994855626177759       -4.9325194767359526E-002
   9.8000000000000010E-006  0.50973055611445228        2.9597757457766023        1.7728598462430794       0.99995762788341591       -4.1091143220134900E-002
   9.9000000000000001E-006  0.50784635357417451        2.9578945643248353        1.7708307677000805       0.99996632292924492       -3.2981797225569681E-002
   1.0000000000000001E-005  0.50599039144730795        2.9556607815774387        1.7693085816372256       0.99997467990457811       -2.4981981512867891E-002
   1.0100000000000000E-005  0.50415824145018839        2.9530892014804082        1.7682851445587997       0.99998274176175228       -1.7076170138694006E-002
   1.0200000000000001E-005  0.50234547035223198        2.9501910996430323        1.7677538654736791       0.99999055457575781       -9.2485810597377465E-003
   1.0300000000000000E-005  0.50054764799087625        2.9469744034480772        1.7677096670829657       0.99999816636104522       -1.4832707221584297E-003
   1.0400000000000000E-005  0.49876035480475767        2.9434438281745994        1.7681489588287937        1.0000056260077774        6.2357722170360086E-003
   1.0499999999999999E-005  0.49697918891766041        2.9396009722545733        1.7690696206844121        1.0000129823138264        1.3924535000977513E-002
   1.0600000000000002E-005  0.49519977285598560        2.9354443737623512        1.7704709970817800        1.0000202830866896        2.1598891495798068E-002
   1.0700000000000001E-005  0.49341776003303728        2.9309695293537241        1.7723539008549594        1.0000275742893283        2.9274516206639449E-002
   1.0800000000000002E-005  0.49162884118371258        2.9261688760076083        1.7747206275333358        1.0000348992064081        3.6966802298493702E-002
   1.0900000000000001E-005  0.48982875098375639        2.9210317349718404        1.7775749807473860        1.0000422976101395        4.4690784268295147E-002
   1.1000000000000001E-005  0.48801327513890019        2.9155442161816691        1.7809223098938152        1.0000498049093240        5.2461065688694984E-002
   1.1100000000000000E-005  0.48617825827912303        2.9096890799808910        1.7847695615524541        1.0000574512753797        6.0291752637688018E-002
   1.1200000000000001E-005  0.48431961303333720        2.9034455510905559        1.7891253464336467        1.0000652607351730        6.8196392913624046E-002
   1.1300000000000000E-005  0.48243333066245953        2.8967890772568166        1.7940000237167859        1.0000732502140743        7.6187918435240656E-002
   1.1400000000000001E-005  0.48051549359127677        2.8896910214545177        1.7994058045693633        1.0000814285353357        8.4278588430499624E-002
   1.1500000000000002E-005  0.47856229012156687        2.8821182721309269        1.8053568762029704        1.0000897953168517        9.2479925386966547E-002
   1.1600000000000001E-005  0.47657003159364614        2.8740327510972308        1.8118695468915755        1.0000983398394379       0.10080263583255797     
   1.1700000000000001E-005  0.47453517212616253        2.8653907851064173        1.8189624117365846        1.0001070398931251       0.10925650990404975     
   1.1800000000000001E-005  0.47245433073565152        2.8561422901091027        1.8266565376563428        1.0001158604750051       0.11785028357305756     
   1.1900000000000001E-005  0.47032431641795663        2.8462296980399393        1.8349756636514358        1.0001247525532415       0.12659144629962185     
   1.2000000000000000E-005  0.46814215738508164        2.8355865309237958        1.8439464103081840        1.0001336520382960       0.13548598840048887     
   1.2100000000000001E-005  0.46590513570459846        2.8241354986134084        1.8535984896990350        1.0001424790732771       0.14453807339147534     
   1.2200000000000000E-005  0.46361083001777814        2.8117859734318191        1.8639649037596131        1.0001511385412900       0.15374964318775280     
   1.2300000000000001E-005  0.46125717201412669        2.7984306938652614        1.8750821170321557        1.0001595227530273       0.16311999267557384     
   1.2400000000000002E-005  0.45884252374422102        2.7839415899022253        1.8869901881368341        1.0001675176858054       0.17264537408424041     
   1.2500000000000001E-005  0.45636578115172471        2.7681647438705301        1.8997328436048369        1.0001750141262700       0.18231871889120524     
   1.2600000000000001E-005  0.45382650088173865        2.7509147407368264        1.9133574772910487        1.0001819240685581       0.19212956092732555     
   1.2700000000000000E-005  0.45122503202510683        2.7319690537126262        1.9279150556840414        1.0001882000452094       0.20206417099980098     
   1.2800000000000001E-005  0.44856261397978447        2.7110636623957833        1.9434599004069029        1.0001938540295929       0.21210580771351889     
   1.2900000000000000E-005  0.44584138246233551        2.6878917610294821        1.9600493048031351        1.0001989727351552       0.22223492696407041     
   1.3000000000000001E-005  0.44306424721885962        2.6621080365274468        1.9777429265731659        1.0002037322072419       0.23242928368648844     
   1.3100000000000000E-005  0.44023467449242953        2.6333412862844887        1.9966018990228438        1.0002084228299990       0.24266419137343687     
   1.3200000000000001E-005  0.43735648253661008        2.6012177065051061        2.0166876334303008        1.0002134994833876       0.25291365056459109     
   1.3300000000000000E-005  0.43443380380591329        2.5653955388359235        2.0380603428254558        1.0002196511920494       0.26315310645342255     
   1.3400000000000000E-005  0.43147132508815333        2.5256085657065408        2.0607773537772283        1.0002278299254024       0.27336342324127133     
   1.3499999999999999E-005  0.42847476631191395        2.4817115822200022        2.0848911818482421        1.0002391243036242       0.28353308315985720     
   1.3600000000000000E-005  0.42545137164429997        2.4337175125226072        2.1104470440928060        1.0002544139136456       0.29365351956286717     
   1.3699999999999999E-005  0.42241012608217482        2.3818176638413182        2.1374791161459377        1.0002739841407211       0.30370516178467216     
   1.3800000000000002E-005  0.41936152282222555        2.3263878242994562        2.1660049593738528        1.0002975669319283       0.31364157901379963     
   1.3900000000000002E-005  0.41631694314980761        2.2679972171098193        2.1960187555081183        1.0003251570737188       0.32338962960844642     
   1.4000000000000001E-005  0.41328803880519149        2.2074340711536169        2.2274859029295313        1.0003580922910054       0.33287907644854858     
   1.4100000000000002E-005  0.41028668847618915        2.1457280669285610        2.2603418510296898        1.0003988559710286       0.34208502191058321     
   1.4200000000000001E-005  0.40732586643458485        2.0841107441236346        2.2944944470787871        1.0004486656334688       0.35103255996508792     
   1.4300000000000002E-005  0.40442109856571890        2.0238639477352764        2.3298241258811632        1.0005049577199534       0.35973293950711183     
   1.4400000000000001E-005  0.40159125130937623        1.9660811355246897        2.3661779665959042        1.0005627869930840       0.36811165258426426     
   1.4500000000000002E-005  0.39885688713848089        1.9114390758038238        2.4033639855600710        1.0006198455205688       0.37603644167350814     
   1.4600000000000001E-005  0.39623655115507345        1.8600707340465601        2.4411574527247741        1.0006783479398629       0.38343514332439449     
   1.4700000000000002E-005  0.39374534659092170        1.8115546544760754        2.4793193538115639        1.0007400542792941       0.39034630320470837     
   1.4800000000000001E-005  0.39139909765918912        1.7649996497456453        2.5176123712242537        1.0008008286231558       0.39682252021261005     
   1.4900000000000001E-005  0.38921964083283028        1.7192611403639613        2.5558046296347996        1.0008520963029435       0.40281554644321632     
   1.5000000000000000E-005  0.38723343412445316        1.6733318874085321        2.5936694986360331        1.0008876496615740       0.40819549566891633     
   1.5100000000000001E-005  0.38546384421701840        1.6267795265100120        2.6309946733569092        1.0009075993558714       0.41286990290747916     
   1.5200000000000000E-005  0.38392575199877038        1.5799413574716246        2.6675990422225029        1.0009145191302058       0.41684358004959660     
   1.5299999999999999E-005  0.38262837658576332        1.5337057607174727        2.7033441356411956        1.0009077876623800       0.42016285412372995     
   1.5399999999999998E-005  0.38158191073633202        1.4890304623673394        2.7381341490178959        1.0008838098329218       0.42283926589838061     
   1.5500000000000001E-005  0.38079952806785194        1.4465251801168906        2.7719101930116801        1.0008399761722999       0.42483715188623045     
   1.5600000000000003E-005  0.38029344309354790        1.4063116634676385        2.8046452067514669        1.0007766400796891       0.42611169565247192     
   1.5700000000000002E-005  0.38007037559775408        1.3681408858577730        2.8363405385999974        1.0006964163370826       0.42664499169757769     
   1.5800000000000001E-005  0.38013058344376260        1.3316141286370240        2.8670223000340531        1.0006028877387669       0.42645288293037897     
   1.5900000000000004E-005  0.38047003065464990        1.2963702125651968        2.8967361643993517        1.0004996884693302       0.42556779474724399     
   1.6000000000000003E-005  0.38108291662333843        1.2621822148355570        2.9255407131533140        1.0003900623008395       0.42401604131602122     
   1.6100000000000002E-005  0.38196277881769930        1.2289709803864495        2.9535003855472182        1.0002770019960230       0.42180587361011657     
   1.6200000000000001E-005  0.38310225350536942        1.1967664132121094        2.9806793918322385        1.0001637156518470       0.41893226760122981     
   1.6300000000000000E-005  0.38449222688703855        1.1656465803970071        3.0071375434340779        1.0000537951273478       0.41539212470326070     
   1.6400000000000002E-005  0.38612091018413924        1.1356773280590324        3.0329281117885603       0.99995077439263547       0.41119728174722936     
   1.6500000000000001E-005  0.38797321684691544        1.1068678355926305        3.0580971384819211       0.99985740104788501       0.40637656898272173     
   1.6600000000000000E-005  0.39003081676801943        1.0791499478477482        3.0826834640044507       0.99977518604255333       0.40096790416292316     
   1.6699999999999999E-005  0.39227309043778202        1.0523811633635727        3.1067190333776353       0.99970448085222363       0.39500817856619586     
   1.6800000000000002E-005  0.39467880859168730        1.0263649067666167        3.1302294076831041       0.99964489328888784       0.38852806470643603     
   1.6900000000000001E-005  0.39722785413899725        1.0008790851581313        3.1532345624689957       0.99959568357529349       0.38155332516262752     
   1.7000000000000000E-005  0.39990211028563138       0.97570476719122579        3.1757499427829567       0.99955594739849885       0.37410913809135304     
   1.7099999999999999E-005  0.40268510867213020       0.95064953223854642        3.1977875677538408       0.99952465596128337       0.36622321487987664     
   1.7200000000000001E-005  0.40556083917623609       0.92556310515724183        3.2193569496051149       0.99950072060389172       0.35792636288435165     
   1.7300000000000000E-005  0.40851261309661324       0.90034549672549025        3.2404657430988242       0.99948314646116743       0.34925207523462293     
   1.7400000000000003E-005  0.41152272225074399       0.87494945733178187        3.2611202205702017       0.99947119013894470       0.34023710878257457     
   1.7500000000000002E-005  0.41457305307824993       0.84937900860608206        3.2813257022828068       0.99946439449006397       0.33092304761986752     
   1.7600000000000001E-005  0.41764624896765001       0.82368456755064601        3.3010869416071480       0.99946246600417832       0.32135681497262331     
   1.7700000000000003E-005  0.42072679635827087       0.79795423962239564        3.3204083084581448       0.99946508720907701       0.31158810590079034     
   1.7800000000000002E-005  0.42380157325895795       0.77230128145608234        3.3392935888532520       0.99947180380721812       0.30166388219494944     
   1.7900000000000001E-005  0.42685977988286933       0.74684915071081215        3.3577453660949019       0.99948205971042847       0.29162260425911235     
   1.8000000000000000E-005  0.42989249657234296       0.72171672458539260        3.3757641711146293       0.99949533447941119       0.28149160489945296     
   1.8100000000000003E-005  0.43289219502847998       0.69700630737800839        3.3933477324626851       0.99951126706067106       0.27128927195849717     
   1.8200000000000002E-005  0.43585239535694353       0.67279607541649178        3.4104906292662314       0.99952967501588674       0.26103084450422881     
   1.8300000000000001E-005  0.43876748115178837       0.64913735688121799        3.4271844800795219       0.99955046272605419       0.25073471006478204     
   1.8400000000000000E-005  0.44163259394501264       0.62605624862083020        3.4434185922020881       0.99957348379625188       0.24042620854897920     
   1.8500000000000002E-005  0.44444354974214373       0.60355856439985489        3.4591808528802135       0.99959843749954536       0.23013763271926610     
   1.8600000000000001E-005  0.44719677241163952       0.58163683956560008        3.4744586124378825       0.99962484407655172       0.21990503847275333     
   1.8700000000000001E-005  0.44988926649393796       0.56027801793970189        3.4892393731316997       0.99965209558444734       0.20976362229541651     
   1.8800000000000000E-005  0.45251864571394651       0.53947052325754696        3.5035112058901539       0.99967954737959297       0.19974351904793575     
   1.8900000000000002E-005  0.45508320837080357       0.51920968682643909        3.5172629181146111       0.99970660907431996       0.18986722541266882     
   1.9000000000000001E-005  0.45758202892553895       0.49950092555898140        3.5304840571518272       0.99973280702831779       0.18014897995130791     
   1.9100000000000000E-005  0.46001502746496570       0.48036054896688773        3.5431648484295994       0.99975780873857623       0.17059572755452387     
   1.9199999999999999E-005  0.46238297762138569       0.46181452212915158        3.5552961443431221       0.99978141487100158       0.16120893821508916     
   1.9300000000000002E-005  0.46468743748249891       0.44389580493348613        3.5668694209822847       0.99980353270869715       0.15198655987522905     
   1.9400000000000004E-005  0.46693061892835930       0.42664098712248250        3.5778768245279768       0.99982414460303626       0.14292462175158693     
   1.9500000000000003E-005  0.46911522735332134       0.41008687697082707        3.5883112470230940       0.99984328033258141       0.13401828417734349     
   1.9600000000000002E-005  0.47124430561225572       0.39426753633848355        3.5981664037835026       0.99986099717517718       0.12526235172546979     
   1.9700000000000001E-005  0.47332110709136954       0.37921205277351128        3.6074368883108523       0.99987736764209689       0.11665138709919402     
   1.9800000000000000E-005  0.47534900928953222       0.36494315274330535        3.6161181895995491       0.99989247291946703       0.10817959376804637     
   1.9900000000000003E-005  0.47733146687719002       0.35147661826967647        3.6242066665088366       0.99990639971499251        9.9840608678678652E-002
   2.0000000000000002E-005  0.47927199519565006       0.33882138116283583        3.6316994815194406       0.99991923871544697        9.1627297772089264E-002
   2.0100000000000001E-005  0.48117417218976644       0.32698012920307118        3.6385945008797047       0.99993108358636018        8.3531600671657019E-002
   2.0200000000000000E-005  0.48304164730760502       0.31595025500525742        3.6448901700390328       0.99994203005278193        7.5544436801030984E-002
   2.0300000000000002E-005  0.48487814962168585       0.30572499656462754        3.6505853734140934       0.99995217502182854        6.7655668739420291E-002
   2.0400000000000001E-005  0.48668749219971119       0.29629464755339291        3.6556792868918646       0.99996161580653942        5.9854114473061978E-002
   2.0500000000000000E-005  0.48847357232456612       0.28764774794755665        3.6601712303913572       0.99997044948905911        5.2127598013158180E-002
   2.0599999999999999E-005  0.49024036833928314       0.27977219538902770        3.6640605265227557       0.99997877246588895        4.4463028112064082E-002
   2.0700000000000002E-005  0.49199193428808213       0.27265624232553964        3.6673463700381808       0.99998668019814263        3.6846494888929805E-002
   2.0800000000000001E-005  0.49373239346878478       0.26628936336064213        3.6700277115763833       0.99999426716806716        2.9263376650211739E-002
   2.0900000000000000E-005  0.49546593175031051       0.26066299033008378        3.6721031581730510        1.0000016270404732        2.1698450736695352E-002
   2.0999999999999999E-005  0.49719679119539201       0.25577112051933015        3.6735708922549732        1.0000088530089901        1.4136005048824283E-002
   2.1100000000000001E-005  0.49892926424650863       0.25161080723524432        3.6744286103064443        1.0000160383016174        6.5599484741331836E-003
   2.1200000000000004E-005  0.50066768851429289       0.24818254218863817        3.6746734820766176        1.0000232768144826       -1.0460796980738447E-003
   2.1300000000000003E-005  0.50241644204942626       0.24549053710762961        3.6743021310549877        1.0000306638369478       -8.6986000154457149E-003
   2.1400000000000002E-005  0.50417993887181434       0.24354290828122002        3.6733106369142945        1.0000382968278883       -1.6414180621610736E-002
   2.1500000000000001E-005  0.50596262446168960       0.24235176284834836        3.6716945606501890        1.0000462761999451       -2.4209320070637790E-002
   2.1600000000000003E-005  0.50776897087656325       0.24193318007691103        3.6694489931727241        1.0000547060663112       -3.2100322926576115E-002
   2.1700000000000002E-005  0.50960347114115012       0.24230707505061252        3.6665686280578065        1.0000636949035491       -4.0103166637408615E-002
   2.1800000000000001E-005  0.51147063256599856       0.24349692666686240        3.6630478589779929        1.0000733560847024       -4.8233359501662389E-002
   2.1900000000000000E-005  0.51337496869073518       0.24552934721531522        3.6588809019236148        1.0000838082434067       -5.6505791643453290E-002
   2.2000000000000003E-005  0.51532098962487405       0.24843346821066598        3.6540619416165656        1.0000951754333218       -6.4934583550384242E-002
   2.2100000000000002E-005  0.51731319068426840       0.25224011996595819        3.6485853004846391        1.0001075870501066       -7.3532939305679917E-002
   2.2200000000000001E-005  0.51935603937269903       0.25698079043735933        3.6424456271466950        1.0001211774860703       -8.2313014925667727E-002
   2.2300000000000000E-005  0.52145396088929796       0.26268636591505917        3.6356380996919757        1.0001360854687900       -9.1285812894812385E-002
   2.2400000000000002E-005  0.52361132234031182       0.26938568403429142        3.6281586372275618        1.0001524529642283      -0.10046111307227756     
   2.2500000000000001E-005  0.52583241550977822       0.27710396996487935        3.6200041116083157        1.0001704234207980      -0.10984744398404182     
   2.2600000000000000E-005  0.52812143711246851       0.28586127662418370        3.6111725503392393        1.0001901389297434      -0.11945208655918071     
   2.2700000000000000E-005  0.53048246364873897       0.29567110375895228        3.6016633218447573        1.0002117356191380      -0.12928108416565365     
   2.2800000000000002E-005  0.53291941521105979       0.30653941593931833        3.5914772960499528        1.0002353363085874      -0.13933920965359822     
   2.2900000000000004E-005  0.53543599929591934       0.31846429905612100        3.5806169765052256        1.0002610392057534      -0.14962981679691800     
   2.3000000000000003E-005  0.53803562305396235       0.33143647004598853        3.5690866046908671        1.0002889013862444      -0.16015448912755872     
   2.3100000000000002E-005  0.54072126265163645       0.34544077072717949        3.5568922412903099        1.0003189161778083      -0.17091240565211460     
   2.3200000000000001E-005  0.54349528396990643       0.36045862962246822        3.5440418312672093        1.0003509846836758      -0.18189938301590625     
   2.3300000000000004E-005  0.54635922237801560       0.37647127651272178        3.5305452573022111        1.0003848835804958      -0.19310663315362214     
   2.3400000000000003E-005  0.54931355498577172       0.39346326023612527        3.5164143786288511        1.0004202342199124      -0.20451938251374774     
   2.3500000000000002E-005  0.55235752271505323       0.41142559564947379        3.5016630387904284        1.0004564817483328      -0.21611562843708995     
   2.3600000000000001E-005  0.55548906565980649       0.43035772895601099        3.4863070068938464        1.0004928961059616      -0.22786542956581610     
   2.3700000000000000E-005  0.55870491215374163       0.45026753864996694        3.4703637971318169        1.0005286063252272      -0.23973117661899543     
   2.3800000000000003E-005  0.56200080460603741       0.47116885439158135        3.4538522990988301        1.0005626734593225      -0.25166919792834330     
   2.3900000000000002E-005  0.56537176877377959       0.49307649022238864        3.4367921587833292        1.0005941935074660      -0.26363275724810814     
   2.4000000000000001E-005  0.56881227545644897       0.51599945709895578        3.4192028892986270        1.0006224028550081      -0.27557598029232033     
   2.4100000000000000E-005  0.57231614911897633       0.53993363838722985        3.4011027670357188        1.0006467428252841      -0.28745759126826526     
   2.4200000000000002E-005  0.57587616504740202       0.56485553708641167        3.3825076708443826        1.0006668420548552      -0.29924284276730201     
   2.4300000000000001E-005  0.57948341217389054       0.59071858625140572        3.3634301106840168        1.0006824072266050      -0.31090214824665902     
   2.4400000000000000E-005  0.58312661415315836       0.61745306979150805        3.3438787114563771        1.0006930686086535      -0.32240606353639667     
   2.4499999999999999E-005  0.58679164567634623       0.64497011773191959        3.3238583193616749        1.0006982752224232      -0.33371825375810193     
   2.4600000000000002E-005  0.59046143887009961       0.67316964233076626        3.3033706839062673        1.0006973324457165      -0.34478998277309314     
   2.4700000000000004E-005  0.59411634909291455       0.70195156631467059        3.2824154143205706        1.0006895930465740      -0.35556001041670043     
   2.4800000000000003E-005  0.59773489216654563       0.73122922262842338        3.2609907546493071        1.0006746771911237      -0.36596145592764756     
   2.4900000000000002E-005  0.60129464790494247       0.76094335695308157        3.2390938003025873        1.0006525102825794      -0.37593276217947913     
   2.5000000000000001E-005  0.60477305620280297       0.79107484677886075        3.2167200928260145        1.0006230542351573      -0.38542632033674912     
   2.5100000000000004E-005  0.60814780138319169       0.82165417711750666        3.1938628912350211        1.0005858565637737      -0.39440901719018073     
   2.5200000000000003E-005  0.61139656855721380       0.85276580675909230        3.1705125591274701        1.0005397544020564      -0.40285433913488500     
   2.5300000000000002E-005  0.61449624663169922       0.88454562828374284        3.1466562987900941        1.0004830256609949      -0.41073187011974982     
   2.5400000000000001E-005  0.61742205482103452       0.91716980841281515        3.1222780536649650        1.0004139709242350      -0.41800196981618504     
   2.5500000000000003E-005  0.62014724336305227       0.95083401407240664        3.0973581139675592        1.0003315860283741      -0.42461934096206166     
   2.5600000000000002E-005  0.62264379100730971       0.98572418672169082        3.0718720658421486        1.0002359032280927      -0.43054211329537739     
   2.5700000000000001E-005  0.62488415089091098        1.0219835711545509        3.0457892159018729        1.0001278535103295      -0.43573849950045357     
   2.5800000000000000E-005  0.62684354835028766        1.0596846435562324        3.0190711057821096        1.0000089892100026      -0.44018616978769171     
   2.5900000000000003E-005  0.62850178622105490        1.0988173638310605        2.9916707531130173       0.99988152874779179      -0.44386815653396805     
   2.6000000000000002E-005  0.62984371790952753        1.1393045017162173        2.9635328596814992       0.99974870004097360      -0.44677316109717113     
   2.6100000000000001E-005  0.63085836928440375        1.1810481008569045        2.9345948787122924       0.99961481305751798      -0.44890173533605693     
   2.6200000000000000E-005  0.63153733714838467        1.2239978275302039        2.9047889374657396       0.99948458711828125      -0.45026894488045149     
   2.6300000000000002E-005  0.63187334243703996        1.2682162316979182        2.8740451474542006       0.99936206521028059      -0.45089219652826934     
   2.6400000000000001E-005  0.63185988251539449        1.3139060253660571        2.8422971495046219       0.99925023110646949      -0.45076788955609415     
   2.6500000000000000E-005  0.63149273490754498        1.3613677478393365        2.8094899415870662       0.99915205082798508      -0.44986250346460738     
   2.6599999999999999E-005  0.63077352851855839        1.4108749178468876        2.7755882734825001       0.99907184926006332      -0.44814278307481364     
   2.6699999999999998E-005  0.62971322524387308        1.4624872124756698        2.7405828937201711       0.99901474116816102      -0.44562870328812593     
   2.6800000000000001E-005  0.62833079606116005        1.5158698310379946        2.7044938352738006       0.99898294386049225      -0.44240581522969563     
   2.6900000000000000E-005  0.62664597198489269        1.5702349413284973        2.6673745238763229       0.99897213305045307      -0.43855163194327351     
   2.6999999999999999E-005  0.62467253053906480        1.6245246146413006        2.6293212188590540       0.99897455721225092      -0.43404084067430504     
   2.7099999999999998E-005  0.62242117608115377        1.6778540106625739        2.5904834501355940       0.99898841348113698      -0.42876584973874687     
   2.7200000000000000E-005  0.61991094728492313        1.7300303514861655        2.5510625787276431       0.99902058847120223      -0.42268801109785226     
   2.7300000000000000E-005  0.61717408293207643        1.7818168890780535        2.5112939564646575       0.99907518099768944      -0.41593644711714611     
   2.7399999999999999E-005  0.61424659509805035        1.8347224240074480        2.4714280514383011       0.99914312181542653      -0.40868818359279652     
   2.7500000000000004E-005  0.61115665491766491        1.8904121449023501        2.4317274420396697       0.99921032399406373      -0.40096378946575223     
   2.7600000000000003E-005  0.60792512580611946        1.9500645242158328        2.3924707045915152       0.99927282580541876      -0.39263941880961900     
   2.7700000000000006E-005  0.60457406427260785        2.0139754360078959        2.3539396293428223       0.99933663285981489      -0.38367125106150285     
   2.7800000000000005E-005  0.60112925324424882        2.0815166510900114        2.3163901834099798       0.99940443824584768      -0.37419746287457356     
   2.7900000000000004E-005  0.59761572684058084        2.1513560877610689        2.2800333394891301       0.99946988645474399      -0.36438126772912810     
   2.8000000000000003E-005  0.59405475501735583        2.2217761596656360        2.2450382341057105       0.99952529799738155      -0.35424801360406816     
   2.8100000000000005E-005  0.59046452645153991        2.2909830352716773        2.2115419019567746       0.99956942598094278      -0.34372944264738770     
   2.8200000000000004E-005  0.58686130127690561        2.3573592621407018        2.1796490925593712       0.99960602794871145      -0.33280682554791347     
   2.8300000000000003E-005  0.58326021731296784        2.4196275936644054        2.1494254710053093       0.99963822970695759      -0.32155871561693755     
   2.8400000000000003E-005  0.57967603419044633        2.4769140426635237        2.1208960444868645       0.99966628783974654      -0.31009868394115708     
   2.8500000000000002E-005  0.57612288376989129        2.5287342504224779        2.0940520270486251       0.99968925710070955      -0.29850913984811406     
   2.8600000000000004E-005  0.57261297517736820        2.5749408952505553        2.0688607475843361       0.99970692858941357      -0.28682954388591664     
   2.8700000000000003E-005  0.56915562680290077        2.6156549919053793        2.0452736021948521       0.99972018906485915      -0.27507881682998420     
   2.8800000000000002E-005  0.56575747970037515        2.6511912660019190        2.0232311613152802       0.99973041688409625      -0.26327651470512697     
   2.8900000000000001E-005  0.56242350574832556        2.6819855284729024        2.0026666489545506       0.99973890905916429      -0.25145008568196942     
   2.9000000000000004E-005  0.55915797866279937        2.7085314244053444        1.9835088046178735       0.99974666518086308      -0.23963310823070508     
   2.9100000000000003E-005  0.55596493368144306        2.7313315383654309        1.9656843881909669       0.99975439433495705      -0.22786165186225191     
   2.9200000000000002E-005  0.55284813540863831        2.7508642389713405        1.9491202424888256       0.99976257203938912      -0.21617174144412046     
   2.9300000000000001E-005  0.54981080119709591        2.7675646123832385        1.9337448516436047       0.99977148079685707      -0.20459783760006023     
   2.9400000000000003E-005  0.54685531255508868        2.7818162311055574        1.9194894446228852       0.99978123871267255      -0.19317162371823762     
   2.9500000000000002E-005  0.54398304036350809        2.7939502288066538        1.9062887453919681       0.99979183097385615      -0.18192085024922366     
   2.9600000000000001E-005  0.54119431072401813        2.8042486676023826        1.8940814629314400       0.99980314782627655      -0.17086836761139054     
   2.9700000000000000E-005  0.53848847651802667        2.8129499776440166        1.8828105841042226       0.99981502441365000      -0.16003157087806863     
   2.9800000000000003E-005  0.53586404545629374        2.8202550232844121        1.8724235063806580       0.99982727488296375      -0.14942235105931384     
   2.9900000000000002E-005  0.53331882670554820        2.8263329649829854        1.8628720371290479       0.99983971671240079      -0.13904746226118544     
   3.0000000000000001E-005  0.53085007189328881        2.8313265024842473        1.8541122859563672       0.99985218564323985      -0.12890914837078399     
   3.0100000000000000E-005  0.52845459859776067        2.8353563533345567        1.8461044767433998       0.99986454298070127      -0.11900588547601107     
   3.0200000000000002E-005  0.52612889274149111        2.8385249754916435        1.8388127057693482       0.99987667744082365      -0.10933310790297809     
   3.0300000000000001E-005  0.52386918972170704        2.8409196103803716        1.8322046709569388       0.99988850402291329       -9.9883840075004199E-002
   3.0400000000000000E-005  0.52167153668035826        2.8426147467840290        1.8262513933553139       0.99989996149760008       -9.0649203344034146E-002
   3.0499999999999999E-005  0.51953183931226210        2.8436741049659071        1.8209269468222307       0.99991100956901990       -8.1618807523632111E-002
   3.0599999999999998E-005  0.51744589678889108        2.8441522307980747        1.8162082063640841       0.99992162596094647       -7.2781047350666525E-002
   3.0700000000000001E-005  0.51540942776030174        2.8440957763445263        1.8120746214424184       0.99993180371261858       -6.4123322584186918E-002
   3.0799999999999996E-005  0.51341808978823733        2.8435445291168850        1.8085080170382406       0.99994154875422803       -5.5632207478490174E-002
   3.0899999999999999E-005  0.51146749421142668        2.8425322404469462        1.8054924226633420       0.99995087771853763       -4.7293588184855406E-002
   3.1000000000000001E-005  0.50955321807838416        2.8410872929258120        1.8030139279806880       0.99995981595805017       -3.9092779013405556E-002
   3.1100000000000004E-005  0.50767081425859450        2.8392332380569423        1.8010605629751226       0.99996839578383268       -3.1014625291765106E-002
   3.1200000000000006E-005  0.50581582040309225        2.8369892270756125        1.7996222002815558       0.99997665488807508       -2.3043599100147760E-002
   3.1300000000000002E-005  0.50398376713812387        2.8343703531560225        1.7986904772486580       0.99998463494136769       -1.5163889915584408E-002
   3.1400000000000004E-005  0.50217018571074856        2.8313879200623915        1.7982587354991744       0.99999238035228188       -7.3594914719353538E-003
   3.1500000000000007E-005  0.50037061522555115        2.8280496475941823        1.7983219761632596       0.99999993716423352        3.8571464579423065E-004
   3.1600000000000002E-005  0.49858060958296296        2.8243598208443146        1.7988768294117439        1.0000073520680259        8.0878787412396579E-003
   3.1700000000000005E-005  0.49679574423380685        2.8203193877600685        1.7999215373629480        1.0000146715062577        1.5763106153019395E-002
   3.1800000000000007E-005  0.49501162288252681        2.8159260074042272        1.8014559498615328        1.0000219408442874        2.3427383805318471E-002
   3.1900000000000003E-005  0.49322388428856850        2.8111740494921231        1.8034815330171698        1.0000292035823193        3.1096509995481109E-002
   3.2000000000000005E-005  0.49142820932292225        2.8060545440823810        1.8060013907300054        1.0000365005840237        3.8786026986344556E-002
   3.2100000000000001E-005  0.48962032843107173        2.8005550785813198        1.8090202997039635        1.0000438692985703        4.6511155604824418E-002
   3.2200000000000003E-005  0.48779602963244206        2.7946596373300401        1.8125447586290124        1.0000513429525988        5.4286730273384674E-002
   3.2300000000000006E-005  0.48595116714660669        2.7883483767925337        1.8165830522776816        1.0000589496964676        6.2127132333700048E-002
   3.2400000000000001E-005  0.48408167068430769        2.7815973262860378        1.8211453312244048        1.0000667116893027        7.0046219107168808E-002
   3.2500000000000004E-005  0.48218355538734720        2.7743780000705365        1.8262437076095803        1.0000746440837327        7.8057242606369356E-002
   3.2600000000000000E-005  0.48025293240257422        2.7666569008032771        1.8318923668475198        1.0000827539321029        8.6172752098758937E-002
   3.2700000000000002E-005  0.47828602015983618        2.7583948854368878        1.8381076945970451        1.0000910390083730        9.4404474589559764E-002
   3.2800000000000004E-005  0.47627915660261250        2.7495463527917674        1.8449084174552102        1.0000994865495925       0.10276316511941645     
   3.2900000000000000E-005  0.47422881310513865        2.7400581940471489        1.8523157547067863        1.0001080719433799       0.11125841555852897     
   3.3000000000000003E-005  0.47213161197735692        2.7298684304746628        1.8603535773259730        1.0001167577913708       0.11989842647196933     
   3.3100000000000005E-005  0.46998435137211103        2.7189044485345231        1.8690485698144721        1.0001254936318866       0.12868975656882417     
   3.3200000000000001E-005  0.46778404338449198        2.7070807351114139        1.8784303895203729        1.0001342168419320       0.13763706686510480     
   3.3300000000000003E-005  0.46552797259696521        2.6942960303044146        1.8885318171340204        1.0001428553453933       0.14674289076045410     
   3.3399999999999999E-005  0.46321377993630758        2.6804298697986670        1.8993888903036780        1.0001513323740370       0.15600745434212593     
   3.3500000000000001E-005  0.46083956967272049        2.6653386062505957        1.9110410081817710        1.0001595732636874       0.16542855033497614     
   3.3600000000000004E-005  0.45840402753850978        2.6488512020925521        1.9235309879250457        1.0001675134121517       0.17500143135818097     
   3.3699999999999999E-005  0.45590652724614639        2.6307653881072590        1.9369050438336004        1.0001751062466857       0.18471863885387044     
   3.3800000000000002E-005  0.45334719489677811        2.6108451725895008        1.9512126478629648        1.0001823306238358       0.19456967450600970     
   3.3900000000000004E-005  0.45072690227300832        2.5888211115232225        1.9665062215222353        1.0001891993969834       0.20454049083542428     
   3.4000000000000000E-005  0.44804717877563383        2.5643951022006308        1.9828406112113133        1.0001957749034567       0.21461297277061200     
   3.4100000000000002E-005  0.44531006933643968        2.5372515679039096        2.0002723194915775        1.0002022020066881       0.22476489731901911     
   3.4199999999999998E-005  0.44251801055027379        2.5070765088406279        2.0188585089064985        1.0002087691134427       0.23497118253952468     
   3.4300000000000000E-005  0.43967381878685424        2.4735846820108405        2.0386558512943469        1.0002159883912336       0.24520712166116779     
   3.4400000000000003E-005  0.43678084868231087        2.4365528792915425        2.0597193134817178        1.0002246450174750       0.25545315292828707     
   3.4499999999999998E-005  0.43384330592854864        2.3958540918415392        2.0821008729087973        1.0002357242606115       0.26569850651010390     
   3.4600000000000001E-005  0.43086659995905668        2.3514847522050628        2.1058478835694765        1.0002501439412907       0.27593901495708645     
   3.4699999999999996E-005  0.42785756423507593        2.3035783211529575        2.1310004467387875        1.0002683751536834       0.28616552066769957     
   3.4800000000000006E-005  0.42482442318778579        2.2524062797628899        2.1575870612568289        1.0002902820270363       0.29634646052414354     
   3.4900000000000008E-005  0.42177651953831480        2.1983796839969032        2.1856185857291099        1.0003155832705288       0.30641875290566956     
   3.5000000000000004E-005  0.41872396609106055        2.1420689161553028        2.2150821974805024        1.0003448782533653       0.31630399808405540     
   3.5100000000000006E-005  0.41567742287693338        2.0842399220398775        2.2459382535628318        1.0003802414766434       0.32594907010797219     
   3.5200000000000002E-005  0.41264814948463030        2.0258672333642402        2.2781214093177731        1.0004240525695447       0.33535641170636582     
   3.5300000000000004E-005  0.40964861591870083        1.9680675491514683        2.3115428490201833        1.0004763446401386       0.34455839050315917     
   3.5400000000000007E-005  0.40669379492406449        1.9119337729157770        2.3460879438156201        1.0005335772013504       0.35354164834944080     
   3.5500000000000002E-005  0.40380196872483559        1.8583160129726675        2.3816088531718784        1.0005913973434033       0.36220469923828857     
   3.5600000000000005E-005  0.40099294929397539        1.8076366513099609        2.4179208613955776        1.0006489267319336       0.37041976630697510     
   3.5700000000000007E-005  0.39828433687428466        1.7598013760955098        2.4548113970941938        1.0007087482813533       0.37813987875796196     
   3.5800000000000003E-005  0.39569058255625061        1.7142118336622336        2.4920578117888725        1.0007717644294067       0.38541426449308330     
   3.5900000000000005E-005  0.39322742704109787        1.6698823432328473        2.5294401629090446        1.0008331002710975       0.39228444482540331     
   3.6000000000000001E-005  0.39091674786650565        1.6257028355067138        2.5667428426492132        1.0008842949063497       0.39868944971421150     
   3.6100000000000003E-005  0.38878497399156575        1.5808407804911031        2.6037542857116880        1.0009197335164686       0.40449732643584307     
   3.6200000000000006E-005  0.38685577692770273        1.5351078540192697        2.6402760093071951        1.0009397302699530       0.40961707297825289     
   3.6300000000000001E-005  0.38514532759754572        1.4890346630527225        2.6761384098220464        1.0009465660881827       0.41405109023412773     
   3.6400000000000004E-005  0.38366493995531298        1.4435723859757956        2.7112113898546588        1.0009394828328817       0.41784303015546942     
   3.6500000000000000E-005  0.38242658092736381        1.3996241720529135        2.7454046062306925        1.0009150555042747       0.42100486224382128     
   3.6600000000000002E-005  0.38144451611831365        1.3577037163515269        2.7786622082539996        1.0008707018873664       0.42350088640118178     
   3.6700000000000004E-005  0.38073222031146531        1.3178664787154857        2.8109578722340114        1.0008065905382566       0.42528262557629920     
   3.6800000000000000E-005  0.38029867375196696        1.2798545453061705        2.8422914652342612        1.0007252543012632       0.42632687453633794     
   3.6900000000000002E-005  0.38014721297428733        1.2433076599440587        2.8726858365930981        1.0006303488979098       0.42664532261574895     
   3.7000000000000005E-005  0.38027668680678522        1.2079263754307588        2.9021822461032141        1.0005255669626021       0.42626724912400882     
   3.7100000000000001E-005  0.38068325754990928        1.1735470441604408        2.9308342749460117        1.0004142052227936       0.42521614645744743     
   3.7200000000000003E-005  0.38136174765287117        1.1401405917021703        2.9587012965224515        1.0002994036621611       0.42349901146344660     
   3.7299999999999999E-005  0.38230615615982655        1.1077656231823272        2.9858428738212495        1.0001845349783349       0.42111234025230532     
   3.7400000000000001E-005  0.38350929233702719        1.0765051989759897        3.0123148646291313        1.0000731684408062       0.41805551303307514     
   3.7500000000000003E-005  0.38496169661443674        1.0464094793118315        3.0381671977717057       0.99996855770168769       0.41433946978718827     
   3.7599999999999999E-005  0.38665043880392186        1.0174583784983477        3.0634428395252447       0.99987310811155428       0.40998613801990025     
   3.7700000000000002E-005  0.38855868317737075       0.98954967097018087        3.0881775375145351       0.99978821397975048       0.40502297561225803     
   3.7800000000000004E-005  0.39066657175529534       0.96250976931733123        3.1124001818472964       0.99971443107903601       0.39947899832697531     
   3.7900000000000000E-005  0.39295310131985683       0.93611908277702660        3.1361337034387939       0.99965169951907573       0.39338429410925685     
   3.8000000000000002E-005  0.39539797718997133       0.91014265711516706        3.1593962903454118       0.99959944833100089       0.38677049620647896     
   3.8099999999999998E-005  0.39798251828350145       0.88435868895329772        3.1822025645754572       0.99955665849138631       0.37966954973004730     
   3.8200000000000000E-005  0.40068940279854259       0.85858059934826891        3.2045644251033454       0.99952203325376010       0.37211121380901269     
   3.8300000000000003E-005  0.40350172283767771       0.83267124528408709        3.2264915061449018       0.99949430288670538       0.36412203755501704     
   3.8399999999999998E-005  0.40640211212938626       0.80654985348713903        3.2479914469536975       0.99947253733392050       0.35572796488635061     
   3.8500000000000007E-005  0.40937254190863848       0.78019311522181511        3.2690702435772847       0.99945628130884567       0.34695984662381718     
   3.8600000000000003E-005  0.41239486112932910       0.75363155964568640        3.2897327833266727       0.99944542226070721       0.33785817109761707     
   3.8700000000000006E-005  0.41545168405934246       0.72694144603538757        3.3099833745711331       0.99943989089609897       0.32847293196011990     
   3.8800000000000008E-005  0.41852712933581915       0.70023225661345889        3.3298259269221284       0.99943941382497359       0.31885755543091288     
   3.8900000000000004E-005  0.42160717349063992       0.67363086088006519        3.3492635561268282       0.99944348131025018       0.30906007474473779     
   3.9000000000000006E-005  0.42467969145906226       0.64726471958845766        3.3682977020584612       0.99945151314459069       0.29911683263956801     
   3.9100000000000002E-005  0.42773435687475969       0.62124703487507438        3.3869271255601157       0.99946306328148726       0.28905224792346551     
   3.9200000000000004E-005  0.43076249197368488       0.59566622973155070        3.4051472099926081       0.99947790685467652       0.27888420218488186     
   3.9300000000000007E-005  0.43375685438772937       0.57058097688415710        3.4229498295179677       0.99949596552655240       0.26863147055022862     
   3.9400000000000002E-005  0.43671133575398347       0.54602080532308594        3.4403237878486426       0.99951714056553675       0.25831916480249439     
   3.9500000000000005E-005  0.43962061027835431       0.52199141521602976        3.4572556269643888       0.99954116294940476       0.24797998829621212     
   3.9600000000000000E-005  0.44247983684256686       0.49848321824379416        3.4737305335803059       0.99956753568557488       0.23765158241041712     
   3.9700000000000003E-005  0.44528452996184764       0.47548124199352693        3.4897331245791392       0.99959557857438752       0.22737190956412154     
   3.9800000000000005E-005  0.44803064187391034       0.45297448467667240        3.5052480087533038       0.99962453404461582       0.21717488025618253     
   3.9900000000000001E-005  0.45071479431625311       0.43096310963205842        3.5202601303612626       0.99965367881642753       0.20708763650937606     
   4.0000000000000003E-005  0.45333453664947504       0.40946246586082258        3.5347549616454033       0.99968240244847872       0.19712980997623708     
   4.0100000000000006E-005  0.45588851062103181       0.38850367845101935        3.5487186219888418       0.99971024074317405       0.18731426917789232     
   4.0200000000000001E-005  0.45837646007342514       0.36813126300060922        3.5621379791884151       0.99973687243154929       0.17764858227783470     
   4.0300000000000004E-005  0.46079909649400130       0.34839870639784104        3.5750007570419222       0.99976209603527955       0.16813654630404218     
   4.0399999999999999E-005  0.46315788207170616       0.32936314027718372        3.5872956495742421       0.99978580166926645       0.15877943110798390     
   4.0500000000000002E-005  0.46545480692218355       0.31108012394508244        3.5990124312277540       0.99980794636885506       0.14957685495117998     
   4.0600000000000004E-005  0.46769221472583322       0.29359927287391085        3.6101420507486246       0.99982853494727220       0.14052734147458865     
   4.0700000000000000E-005  0.46987268984520159       0.27696113569013042        3.6206766973573861       0.99984760570313924       0.13162861978100440     
   4.0800000000000002E-005  0.47199899840437992       0.26119542209000973        3.6306098301588747       0.99986522003933354       0.12287772761587624     
   4.0900000000000005E-005  0.47407406656317735       0.24632046964017262        3.6399361650114703       0.99988145498919012       0.11427097335779801     
   4.1000000000000000E-005  0.47610097772801030       0.23234371400392151        3.6486516167615921       0.99989639793063556       0.10580381001178275     
   4.1100000000000003E-005  0.47808297468730843       0.21926287934549715        3.6567531987436825       0.99991014296409753        9.7470673825007792E-002
   4.1199999999999999E-005  0.48002345876889402       0.20706761161238479        3.6642388853393428       0.99992278848727889        8.9264834753990968E-002
   4.1300000000000001E-005  0.48192598330229003       0.19574131619858554        3.6711074464226359       0.99993443554541084        8.1178293482663547E-002
   4.1400000000000003E-005  0.48379424188356152       0.18526301568802878        3.6773582641583213       0.99994518661474330        7.3201742322164851E-002
   4.1499999999999999E-005  0.48563205333035986       0.17560910064484825        3.6829911426850965       0.99995514461413137        6.5324590492711068E-002
   4.1600000000000002E-005  0.48744334540316875       0.16675489767513174        3.6880061200434899       0.99996441206808973        5.7535042636031944E-002
   4.1700000000000004E-005  0.48923213893659495       0.15867601933036646        3.6924032897880865       0.99997309043050375        4.9820213439108571E-002
   4.1800000000000000E-005  0.49100253340581906       0.15134949128489184        3.6961826375945566       0.99998127961087990        4.2166260977152481E-002
   4.1900000000000002E-005  0.49275869457332799       0.14475467139435239        3.6993438962683611       0.99998907775022783        3.4558525182445697E-002
   4.1999999999999998E-005  0.49450484458268018       0.13887398632954726        3.7018864211082985       0.99999658125734825        2.6981662289748812E-002
   4.2100000000000007E-005  0.49624525445848383       0.13369351505897900        3.7038090865462507        1.0000038850989126        1.9419770194669325E-002
   4.2200000000000003E-005  0.49798423869995462       0.12920344817027976        3.7051102043813229        1.0000110833166371        1.1856503073749932E-002
   4.2300000000000005E-005  0.49972615152681454       0.12539844845346376        3.7057874636503021        1.0000182697367954        4.2751761554224027E-003
   4.2400000000000007E-005  0.50147538430551331       0.12227793297161378        3.7058378921718771        1.0000255388300281       -3.3411364614966458E-003
   4.2500000000000003E-005  0.50323636369971958       0.11984629068817386        3.7052578399873681        1.0000329866751172       -1.1009506753130656E-002
   4.2600000000000005E-005  0.50501355011269999       0.11811304289991162        3.7040429852294880        1.0000407119761308       -1.8747055401408610E-002
   4.2700000000000008E-005  0.50681143599524014       0.11709294640104517        3.7021883633294226        1.0000488170761630       -2.6570846478772722E-002
   4.2800000000000004E-005  0.50863454356440385       0.11680603145041221        3.6996884208655150        1.0000574089025716       -3.4497768371003101E-002
   4.2900000000000006E-005  0.51048742140653725       0.11727755815904745        3.6965370957003874        1.0000665997688218       -4.2544395405477109E-002
   4.3000000000000002E-005  0.51237463932033489       0.11853786587545664        3.6927279252699079        1.0000765079495080       -5.0726825592458620E-002
   4.3100000000000004E-005  0.51430078060468565       0.12062208043854858        3.6882541848659929        1.0000872579457469       -5.9060492016798138E-002
   4.3200000000000007E-005  0.51627043084972812       0.12356963450203619        3.6831090573542049        1.0000989803624694       -6.7559948737586750E-002
   4.3300000000000002E-005  0.51828816218881668       0.12742354907067979        3.6772858348317721        1.0001118113545084       -7.6238637493955735E-002
   4.3400000000000005E-005  0.52035851201484362       0.13222942065694709        3.6707781510185740        1.0001258916392639       -8.5108649127063882E-002
   4.3500000000000000E-005  0.52248595543893239       0.13803406333549184        3.6635802406529576        1.0001413651386424       -9.4180501513120574E-002
   4.3600000000000003E-005  0.52467487138239721       0.14488377225380564        3.6556872187951761        1.0001583773441611      -0.10346296347010422     
   4.3700000000000005E-005  0.52692950313366593       0.15282221211831076        3.6470953690697252        1.0001770734641580      -0.11296295691693739     
   4.3800000000000001E-005  0.52925391529795529       0.16188799424550609        3.6378024262266053        1.0001975962156899      -0.12268556207392446     
   4.3900000000000003E-005  0.53165194974609231       0.17211209066141106        3.6278078361179049        1.0002200827310399      -0.13263412845254771     
   4.4000000000000006E-005  0.53412718228580314       0.18351533565629932        3.6171129765764207        1.0002446594651826      -0.14281045556862865     
   4.4100000000000001E-005  0.53668287935065251       0.19610636439087956        3.6057213269358144        1.0002714332786919      -0.15321495346152370     
   4.4200000000000004E-005  0.53932195035859576       0.20988040283190987        3.5936385823804020        1.0003004764276806      -0.16384663867754057     
