1.000000000000000082e-05 0.000000000000000000e+00
1.006938631476027116e-05 0.000000000000000000e+00
1.013925407558814327e-05 0.000000000000000000e+00
1.020960662306047607e-05 0.000000000000000000e+00
1.028044732093309699e-05 0.000000000000000000e+00
1.035177955630176194e-05 0.000000000000000000e+00
1.042360673976401146e-05 0.000000000000000000e+00
1.049593230558226690e-05 0.000000000000000000e+00
1.056875971184804981e-05 0.000000000000000000e+00
1.064209244064724650e-05 0.000000000000000000e+00
1.071593399822671096e-05 0.000000000000000000e+00
1.079028791516183681e-05 0.000000000000000000e+00
1.086515774652537261e-05 0.000000000000000000e+00
1.094054707205743495e-05 0.000000000000000000e+00
1.101645949633656847e-05 0.000000000000000000e+00
1.109289864895222712e-05 0.000000000000000000e+00
1.116986818467822625e-05 0.000000000000000000e+00
1.124737178364750747e-05 0.000000000000000000e+00
1.132541315152812671e-05 0.000000000000000000e+00
1.140399601970033156e-05 0.000000000000000000e+00
1.148312414543511069e-05 0.000000000000000000e+00
1.156280131207375302e-05 0.000000000000000000e+00
1.164303132920875528e-05 0.000000000000000000e+00
1.172381803286599682e-05 0.000000000000000000e+00
1.180516528568805612e-05 0.000000000000000000e+00
1.188707697711903343e-05 0.000000000000000000e+00
1.196955702359042875e-05 0.000000000000000000e+00
1.205260936870841401e-05 0.000000000000000000e+00
1.213623798344241821e-05 0.000000000000000000e+00
1.222044686631488650e-05 0.000000000000000000e+00
1.230524004359261647e-05 0.000000000000000000e+00
1.239062156947915659e-05 0.000000000000000000e+00
1.247659552630868525e-05 0.000000000000000000e+00
1.256316602474121465e-05 0.000000000000000000e+00
1.265033720395903801e-05 0.000000000000000000e+00
1.273811323186478452e-05 0.000000000000000000e+00
1.282649830528059917e-05 0.000000000000000000e+00
1.291549665014882683e-05 0.000000000000000000e+00
1.300511252173409911e-05 0.000000000000000000e+00
1.309535020482667643e-05 0.000000000000000000e+00
1.318621401394748594e-05 0.000000000000000000e+00
1.327770829355429101e-05 0.000000000000000000e+00
1.336983741824945150e-05 0.000000000000000000e+00
1.346260579298911035e-05 0.000000000000000000e+00
1.355601785329368979e-05 0.000000000000000000e+00
1.365007806546013744e-05 0.000000000000000000e+00
1.374479092677536677e-05 0.000000000000000000e+00
1.384016096573130180e-05 0.000000000000000000e+00
1.393619274224143468e-05 0.000000000000000000e+00
1.403289084785873161e-05 0.000000000000000000e+00
1.413025990599533632e-05 0.000000000000000000e+00
1.422830457214351858e-05 0.000000000000000000e+00
1.432702953409829478e-05 0.000000000000000000e+00
1.442643951218158844e-05 0.000000000000000000e+00
1.452653925946781202e-05 0.000000000000000000e+00
1.462733356201129868e-05 0.000000000000000000e+00
1.472882723907501804e-05 0.000000000000000000e+00
1.483102514336102853e-05 0.000000000000000000e+00
1.493393216124253386e-05 0.000000000000000000e+00
1.503755321299738461e-05 0.000000000000000000e+00
1.514189325304351951e-05 0.000000000000000000e+00
1.524695727017572978e-05 0.000000000000000000e+00
1.535275028780421074e-05 0.000000000000000000e+00
1.545927736419478539e-05 0.000000000000000000e+00
1.556654359271061883e-05 0.000000000000000000e+00
1.567455410205594862e-05 0.000000000000000000e+00
1.578331405652116359e-05 0.000000000000000000e+00
1.589282865622976477e-05 0.000000000000000000e+00
1.600310313738701696e-05 0.000000000000000000e+00
1.611414277253019959e-05 0.000000000000000000e+00
1.622595287078087002e-05 0.000000000000000000e+00
1.633853877809860416e-05 0.000000000000000000e+00
1.645190587753660725e-05 0.000000000000000000e+00
1.656605958949915094e-05 0.000000000000000000e+00
1.668100537200059254e-05 0.000000000000000000e+00
1.679674872092653225e-05 0.000000000000000000e+00
1.691329517029647124e-05 0.000000000000000000e+00
1.703065029252842484e-05 0.000000000000000000e+00
1.714881969870540916e-05 0.000000000000000000e+00
1.726780903884356100e-05 0.000000000000000000e+00
1.738762400216250392e-05 0.000000000000000000e+00
1.750827031735723228e-05 0.000000000000000000e+00
1.762975375287203833e-05 0.000000000000000000e+00
1.775208011717636033e-05 0.000000000000000000e+00
1.787525525904235524e-05 0.000000000000000000e+00
1.799928506782476521e-05 0.000000000000000000e+00
1.812417547374235949e-05 0.000000000000000000e+00
1.824993244816150412e-05 0.000000000000000000e+00
1.837656200388172389e-05 0.000000000000000000e+00
1.850407019542302264e-05 0.000000000000000000e+00
1.863246311931559903e-05 0.000000000000000000e+00
1.876174691439119540e-05 0.000000000000000000e+00
1.889192776207664550e-05 0.000000000000000000e+00
1.902301188668945850e-05 0.000000000000000000e+00
1.915500555573527999e-05 0.000000000000000000e+00
1.928791508020777896e-05 0.000000000000000000e+00
1.942174681489024571e-05 0.000000000000000000e+00
1.955650715865946999e-05 0.000000000000000000e+00
1.969220255479173340e-05 0.000000000000000000e+00
1.982883949127071257e-05 0.000000000000000000e+00
1.996642450109793374e-05 0.000000000000000000e+00
2.010496416260496873e-05 0.000000000000000000e+00
2.024446509976801623e-05 0.000000000000000000e+00
2.038493398252464128e-05 0.000000000000000000e+00
2.052637752709252056e-05 0.000000000000000000e+00
2.066880249629082024e-05 0.000000000000000000e+00
2.081221569986337291e-05 0.000000000000000000e+00
2.095662399480430758e-05 0.000000000000000000e+00
2.110203428568596656e-05 0.000000000000000000e+00
2.124845352498882828e-05 0.000000000000000000e+00
2.139588871343421495e-05 0.000000000000000000e+00
2.154434690031882321e-05 0.000000000000000000e+00
2.169383518385182289e-05 0.000000000000000000e+00
2.184436071149428344e-05 0.000000000000000000e+00
2.199593068030074845e-05 0.000000000000000000e+00
2.214855233726359179e-05 0.000000000000000000e+00
2.230223297965936262e-05 0.000000000000000000e+00
2.245697995539776298e-05 0.000000000000000000e+00
2.261280066337279372e-05 0.000000000000000000e+00
2.276970255381680078e-05 0.000000000000000000e+00
2.292769312865648647e-05 0.000000000000000000e+00
2.308677994187167203e-05 0.000000000000000000e+00
2.324697059985650290e-05 0.000000000000000000e+00
2.340827276178294449e-05 0.000000000000000000e+00
2.357069413996727640e-05 0.000000000000000000e+00
2.373424250023866352e-05 0.000000000000000000e+00
2.389892566231047836e-05 0.000000000000000000e+00
2.406475150015426610e-05 0.000000000000000000e+00
2.423172794237600676e-05 0.000000000000000000e+00
2.439986297259550131e-05 0.000000000000000000e+00
2.456916462982790237e-05 0.000000000000000000e+00
2.473964100886811809e-05 0.000000000000000000e+00
2.491130026067790961e-05 0.000000000000000000e+00
2.508415059277541105e-05 0.000000000000000000e+00
2.525820026962784779e-05 0.000000000000000000e+00
2.543345761304648090e-05 0.000000000000000000e+00
2.560993100258456690e-05 0.000000000000000000e+00
2.578762887593803483e-05 0.000000000000000000e+00
2.596655972934872479e-05 0.000000000000000000e+00
2.614673211801091967e-05 0.000000000000000000e+00
2.632815465648020122e-05 0.000000000000000000e+00
2.651083601908536211e-05 0.000000000000000000e+00
2.669478494034323532e-05 0.000000000000000000e+00
2.688001021537607461e-05 0.000000000000000000e+00
2.706652070033241139e-05 0.000000000000000000e+00
2.725432531281027978e-05 0.000000000000000000e+00
2.744343303228362652e-05 0.000000000000000000e+00
2.763385290053172626e-05 0.000000000000000000e+00
2.782559402207125977e-05 0.000000000000000000e+00
2.801866556459195316e-05 0.000000000000000000e+00
2.821307675939470740e-05 0.000000000000000000e+00
2.840883690183301088e-05 0.000000000000000000e+00
2.860595535175744877e-05 0.000000000000000000e+00
2.880444153396297702e-05 0.000000000000000000e+00
2.900430493863991665e-05 0.000000000000000000e+00
2.920555512182745176e-05 0.000000000000000000e+00
2.940820170587060722e-05 2.000000000000000096e-04
2.961225437988037387e-05 4.000000000000000192e-04
2.981772290019673403e-05 8.000000000000000383e-04
3.002461709085549186e-05 1.199999999999999895e-03
3.023294684405776334e-05 1.199999999999999895e-03
3.044272212064299681e-05 1.399999999999999986e-03
3.065395295056530018e-05 1.399999999999999986e-03
3.086664943337274645e-05 1.600000000000000077e-03
3.108082173869063645e-05 1.600000000000000077e-03
3.129648010670750265e-05 1.600000000000000077e-03
3.151363484866476195e-05 1.600000000000000077e-03
3.173229634734979731e-05 2.399999999999999790e-03
3.195247505759213607e-05 2.399999999999999790e-03
3.217418150676371437e-05 2.399999999999999790e-03
3.239742629528195378e-05 2.399999999999999790e-03
3.262222009711666644e-05 2.399999999999999790e-03
3.284857366030047033e-05 2.399999999999999790e-03
3.307649780744242331e-05 2.399999999999999790e-03
3.330600343624588548e-05 3.200000000000000153e-03
3.353710152002928861e-05 3.200000000000000153e-03
3.376980310825087640e-05 3.399999999999999811e-03
3.400411932703709724e-05 3.599999999999999901e-03
3.424006137971425626e-05 3.599999999999999901e-03
3.447764054734463976e-05 3.599999999999999901e-03
3.471686818926559409e-05 3.799999999999999992e-03
3.495775574363271771e-05 4.000000000000000083e-03
3.520031472796682762e-05 4.000000000000000083e-03
3.544455673970435463e-05 4.199999999999999740e-03
3.569049345675229896e-05 4.199999999999999740e-03
3.593813663804625562e-05 4.199999999999999740e-03
3.618749812411276967e-05 4.400000000000000265e-03
3.643858983763547955e-05 4.599999999999999922e-03
3.669142378402493983e-05 4.599999999999999922e-03
3.694601205199302477e-05 4.599999999999999922e-03
3.720236681413065894e-05 4.599999999999999922e-03
3.746050032748989158e-05 4.799999999999999580e-03
3.772042493417001620e-05 5.000000000000000104e-03
3.798215306190736308e-05 5.199999999999999761e-03
3.824569722466999088e-05 5.400000000000000286e-03
3.851107002325568519e-05 5.599999999999999943e-03
3.877828414589453094e-05 6.000000000000000125e-03
3.904735236885563870e-05 6.400000000000000307e-03
3.931828755705769966e-05 6.400000000000000307e-03
3.959110266468458876e-05 6.400000000000000307e-03
3.986581073580438997e-05 6.400000000000000307e-03
4.014242490499317844e-05 6.400000000000000307e-03
4.042095839796309883e-05 6.799999999999999621e-03
4.070142453219438740e-05 7.000000000000000146e-03
4.098383671757261184e-05 7.000000000000000146e-03
4.126820845702951608e-05 7.000000000000000146e-03
4.155455334718879821e-05 7.199999999999999803e-03
4.184288507901584570e-05 7.199999999999999803e-03
4.213321743847289172e-05 7.199999999999999803e-03
4.242556430717776958e-05 7.199999999999999803e-03
4.271993966306776293e-05 7.199999999999999803e-03
4.301635758106799609e-05 7.599999999999999985e-03
4.331483223376403243e-05 7.599999999999999985e-03
4.361537789208005635e-05 7.799999999999999642e-03
4.391800892596085679e-05 7.799999999999999642e-03
4.422273980505896747e-05 7.799999999999999642e-03
4.452958509942659792e-05 7.799999999999999642e-03
4.483855948021190816e-05 7.799999999999999642e-03
4.514967772036101599e-05 8.000000000000000167e-03
4.546295469532399562e-05 8.000000000000000167e-03
4.577840538376616169e-05 8.000000000000000167e-03
4.609604486828438810e-05 8.000000000000000167e-03
4.641588833612781789e-05 8.000000000000000167e-03
4.673795107992463778e-05 8.000000000000000167e-03
4.706224849841281693e-05 8.000000000000000167e-03
4.738879609717651056e-05 8.200000000000000691e-03
4.771760948938750521e-05 8.200000000000000691e-03
4.804870439655133953e-05 8.200000000000000691e-03
4.838209664925957121e-05 8.200000000000000691e-03
4.871780218794630613e-05 8.200000000000000691e-03
4.905583706365045348e-05 8.200000000000000691e-03
4.939621743878325959e-05 8.200000000000000691e-03
4.973895958790067998e-05 8.399999999999999481e-03
5.008407989848212116e-05 8.399999999999999481e-03
5.043159487171358695e-05 8.399999999999999481e-03
5.078152112327670659e-05 8.399999999999999481e-03
5.113387538414331267e-05 8.399999999999999481e-03
5.148867450137497919e-05 8.399999999999999481e-03
5.184593543892913273e-05 8.600000000000000006e-03
5.220567527846975100e-05 8.600000000000000006e-03
5.256791122018419400e-05 8.600000000000000006e-03
5.293266058360566627e-05 8.600000000000000006e-03
5.329994080844093065e-05 8.999999999999999320e-03
5.366976945540475778e-05 9.199999999999999845e-03
5.404216420705915271e-05 9.199999999999999845e-03
5.441714286865887681e-05 9.199999999999999845e-03
5.479472336900292591e-05 9.199999999999999845e-03
5.517492376129128718e-05 9.199999999999999845e-03
5.555776222398877724e-05 9.199999999999999845e-03
5.594325706169377268e-05 9.199999999999999845e-03
5.633142670601352036e-05 9.199999999999999845e-03
5.672228971644549213e-05 9.199999999999999845e-03
5.711586478126435033e-05 9.199999999999999845e-03
5.751217071841613668e-05 9.400000000000000369e-03
5.791122647641758420e-05 9.400000000000000369e-03
5.831305113526218489e-05 9.400000000000000369e-03
5.871766390733261363e-05 9.400000000000000369e-03
5.912508413831881030e-05 9.599999999999999159e-03
5.953533130814369864e-05 9.599999999999999159e-03
5.994842503189408905e-05 9.599999999999999159e-03
6.036438506075863543e-05 1.000000000000000021e-02
6.078323128297236501e-05 1.039999999999999952e-02
6.120498372476702897e-05 1.060000000000000005e-02
6.162966255132942199e-05 1.060000000000000005e-02
6.205728806776500081e-05 1.060000000000000005e-02
6.248788072006888211e-05 1.060000000000000005e-02
6.292146109610350833e-05 1.080000000000000057e-02
6.335804992658254750e-05 1.080000000000000057e-02
6.379766808606282991e-05 1.080000000000000057e-02
6.424033659394190888e-05 1.080000000000000057e-02
6.468607661546321112e-05 1.119999999999999989e-02
6.513490946272809873e-05 1.119999999999999989e-02
6.558685659571435525e-05 1.119999999999999989e-02
6.604193962330304700e-05 1.140000000000000041e-02
6.650018030431118507e-05 1.159999999999999920e-02
6.696160054853215278e-05 1.159999999999999920e-02
6.742622241778349222e-05 1.159999999999999920e-02
6.789406812696112826e-05 1.179999999999999973e-02
6.836516004510238809e-05 1.179999999999999973e-02
6.883952069645495682e-05 1.239999999999999956e-02
6.931717276155400522e-05 1.239999999999999956e-02
6.979813907830667650e-05 1.239999999999999956e-02
7.028244264308352554e-05 1.239999999999999956e-02
7.077010661181888922e-05 1.260000000000000009e-02
7.126115430111745026e-05 1.280000000000000061e-02
7.175560918936921718e-05 1.299999999999999940e-02
7.225349491787221566e-05 1.319999999999999993e-02
7.275483529196232206e-05 1.319999999999999993e-02
7.325965428215229914e-05 1.319999999999999993e-02
7.376797602527730984e-05 1.319999999999999993e-02
7.427982482564910469e-05 1.319999999999999993e-02
7.479522515621828658e-05 1.340000000000000045e-02
7.531420165974375832e-05 1.340000000000000045e-02
7.583677914997190089e-05 1.359999999999999924e-02
7.636298261282241959e-05 1.359999999999999924e-02
7.689283720758305352e-05 1.359999999999999924e-02
7.742636826811278249e-05 1.359999999999999924e-02
7.796360130405236585e-05 1.359999999999999924e-02
7.850456200204508639e-05 1.359999999999999924e-02
7.904927622696420267e-05 1.359999999999999924e-02
7.959777002314977982e-05 1.379999999999999977e-02
8.015006961565413965e-05 1.379999999999999977e-02
8.070620141149507638e-05 1.379999999999999977e-02
8.126619200091945365e-05 1.379999999999999977e-02
8.183006815867388940e-05 1.379999999999999977e-02
8.239785684528511741e-05 1.379999999999999977e-02
8.296958520834915780e-05 1.379999999999999977e-02
8.354528058382871408e-05 1.379999999999999977e-02
8.412497049736118173e-05 1.379999999999999977e-02
8.470868266557402936e-05 1.379999999999999977e-02
8.529644499741016815e-05 1.379999999999999977e-02
8.588828559546259111e-05 1.379999999999999977e-02
8.648423275731726594e-05 1.379999999999999977e-02
8.708431497690723578e-05 1.379999999999999977e-02
8.768856094587426870e-05 1.379999999999999977e-02
8.829699955494083421e-05 1.379999999999999977e-02
8.890965989529167504e-05 1.379999999999999977e-02
8.952657125996401179e-05 1.379999999999999977e-02
9.014776314524917239e-05 1.379999999999999977e-02
9.077326525210223113e-05 1.379999999999999977e-02
9.140310748756223216e-05 1.379999999999999977e-02
9.203731996618230639e-05 1.379999999999999977e-02
9.267593301146882789e-05 1.379999999999999977e-02
9.331897715733238812e-05 1.379999999999999977e-02
9.396648314954690162e-05 1.379999999999999977e-02
9.461848194721991974e-05 1.379999999999999977e-02
9.527500472427300024e-05 1.379999999999999977e-02
9.593608287093146887e-05 1.379999999999999977e-02
9.660174799522645947e-05 1.379999999999999977e-02
9.727203192450537027e-05 1.379999999999999977e-02
9.794696670695385331e-05 1.379999999999999977e-02
9.862658461312830713e-05 1.379999999999999977e-02
9.931091813749800526e-05 1.379999999999999977e-02
1.000000000000000048e-04 1.379999999999999977e-02
1.006938631476027150e-04 1.379999999999999977e-02
1.013925407558815276e-04 1.379999999999999977e-02
1.020960662306046523e-04 1.379999999999999977e-02
1.028044732093309733e-04 1.379999999999999977e-02
1.035177955630176228e-04 1.379999999999999977e-02
1.042360673976401179e-04 1.379999999999999977e-02
1.049593230558227707e-04 1.379999999999999977e-02
1.056875971184803998e-04 1.379999999999999977e-02
1.064209244064724582e-04 1.379999999999999977e-02
1.071593399822671198e-04 1.379999999999999977e-02
1.079028791516183647e-04 1.379999999999999977e-02
1.086515774652538379e-04 1.379999999999999977e-02
1.094054707205742411e-04 1.379999999999999977e-02
1.101645949633656949e-04 1.379999999999999977e-02
1.109289864895222780e-04 1.379999999999999977e-02
1.116986818467822557e-04 1.379999999999999977e-02
1.124737178364751899e-04 1.379999999999999977e-02
1.132541315152811519e-04 1.379999999999999977e-02
1.140399601970033122e-04 1.379999999999999977e-02
1.148312414543511137e-04 1.379999999999999977e-02
1.156280131207375404e-04 1.379999999999999977e-02
1.164303132920876748e-04 1.379999999999999977e-02
1.172381803286598597e-04 1.379999999999999977e-02
1.180516528568805612e-04 1.379999999999999977e-02
1.188707697711903309e-04 1.379999999999999977e-02
1.196955702359042841e-04 1.379999999999999977e-02
1.205260936870842587e-04 1.379999999999999977e-02
1.213623798344240533e-04 1.379999999999999977e-02
1.222044686631488684e-04 1.379999999999999977e-02
1.230524004359261579e-04 1.379999999999999977e-02
1.239062156947915523e-04 1.379999999999999977e-02
1.247659552630869643e-04 1.379999999999999977e-02
1.256316602474121533e-04 1.379999999999999977e-02
1.265033720395903835e-04 1.379999999999999977e-02
1.273811323186478520e-04 1.379999999999999977e-02
1.282649830528059917e-04 1.379999999999999977e-02
1.291549665014884106e-04 1.379999999999999977e-02
1.300511252173409775e-04 1.379999999999999977e-02
1.309535020482667609e-04 1.379999999999999977e-02
1.318621401394748458e-04 1.379999999999999977e-02
1.327770829355428932e-04 1.379999999999999977e-02
1.336983741824946607e-04 1.379999999999999977e-02
1.346260579298911035e-04 1.379999999999999977e-02
1.355601785329368979e-04 1.379999999999999977e-02
1.365007806546013845e-04 1.379999999999999977e-02
1.374479092677536609e-04 1.379999999999999977e-02
1.384016096573131502e-04 1.379999999999999977e-02
1.393619274224143468e-04 1.379999999999999977e-02
1.403289084785873094e-04 1.379999999999999977e-02
1.413025990599533599e-04 1.379999999999999977e-02
1.422830457214352027e-04 1.379999999999999977e-02
1.432702953409830901e-04 1.379999999999999977e-02
1.442643951218158945e-04 1.379999999999999977e-02
1.452653925946781202e-04 1.379999999999999977e-02
1.462733356201129868e-04 1.379999999999999977e-02
1.472882723907501770e-04 1.379999999999999977e-02
1.483102514336104446e-04 1.379999999999999977e-02
1.493393216124253454e-04 1.379999999999999977e-02
1.503755321299738291e-04 1.379999999999999977e-02
1.514189325304352018e-04 1.379999999999999977e-02
1.524695727017572945e-04 1.379999999999999977e-02
1.535275028780422768e-04 1.379999999999999977e-02
1.545927736419478403e-04 1.379999999999999977e-02
1.556654359271062154e-04 1.379999999999999977e-02
1.567455410205595065e-04 1.379999999999999977e-02
1.578331405652116427e-04 1.379999999999999977e-02
1.589282865622978103e-04 1.379999999999999977e-02
1.600310313738701764e-04 1.379999999999999977e-02
1.611414277253019891e-04 1.379999999999999977e-02
1.622595287078087002e-04 1.379999999999999977e-02
1.633853877809860280e-04 1.379999999999999977e-02
1.645190587753662351e-04 1.379999999999999977e-02
1.656605958949915094e-04 1.379999999999999977e-02
1.668100537200059119e-04 1.379999999999999977e-02
1.679674872092653225e-04 1.379999999999999977e-02
1.691329517029647057e-04 1.379999999999999977e-02
1.703065029252844313e-04 1.379999999999999977e-02
1.714881969870540781e-04 1.379999999999999977e-02
1.726780903884355897e-04 1.379999999999999977e-02
1.738762400216250527e-04 1.379999999999999977e-02
1.750827031735723363e-04 1.379999999999999977e-02
1.762975375287205730e-04 1.379999999999999977e-02
1.775208011717636101e-04 1.379999999999999977e-02
1.787525525904235457e-04 1.379999999999999977e-02
1.799928506782476454e-04 1.379999999999999977e-02
1.812417547374235813e-04 1.379999999999999977e-02
1.824993244816152445e-04 1.379999999999999977e-02
1.837656200388172322e-04 1.379999999999999977e-02
1.850407019542302061e-04 1.379999999999999977e-02
1.863246311931559835e-04 1.379999999999999977e-02
1.876174691439119540e-04 1.379999999999999977e-02
1.889192776207666380e-04 1.379999999999999977e-02
1.902301188668945714e-04 1.379999999999999977e-02
1.915500555573527931e-04 1.379999999999999977e-02
1.928791508020777693e-04 1.379999999999999977e-02
1.942174681489024571e-04 1.379999999999999977e-02
1.955650715865949168e-04 1.379999999999999977e-02
1.969220255479173611e-04 1.400000000000000029e-02
1.982883949127071325e-04 1.400000000000000029e-02
1.996642450109793374e-04 1.400000000000000029e-02
2.010496416260497009e-04 1.400000000000000029e-02
2.024446509976803791e-04 1.400000000000000029e-02
2.038493398252464264e-04 1.400000000000000029e-02
2.052637752709252192e-04 1.400000000000000029e-02
2.066880249629082160e-04 1.400000000000000029e-02
2.081221569986337224e-04 1.400000000000000029e-02
2.095662399480432926e-04 1.400000000000000029e-02
2.110203428568596521e-04 1.400000000000000029e-02
2.124845352498882828e-04 1.400000000000000029e-02
2.139588871343421563e-04 1.400000000000000029e-02
2.154434690031882321e-04 1.400000000000000029e-02
2.169383518385184322e-04 1.400000000000000029e-02
2.184436071149428412e-04 1.400000000000000029e-02
2.199593068030074913e-04 1.400000000000000029e-02
2.214855233726359179e-04 1.400000000000000029e-02
2.230223297965936195e-04 1.400000000000000029e-02
2.245697995539773994e-04 1.400000000000000029e-02
2.261280066337279643e-04 1.400000000000000029e-02
2.276970255381680010e-04 1.400000000000000029e-02
2.292769312865648647e-04 1.400000000000000029e-02
2.308677994187167406e-04 1.400000000000000029e-02
2.324697059985647986e-04 1.400000000000000029e-02
2.340827276178294449e-04 1.400000000000000029e-02
2.357069413996727843e-04 1.400000000000000029e-02
2.373424250023866149e-04 1.400000000000000029e-02
2.389892566231047904e-04 1.400000000000000029e-02
2.406475150015424170e-04 1.400000000000000029e-02
2.423172794237600676e-04 1.400000000000000029e-02
2.439986297259550199e-04 1.400000000000000029e-02
2.456916462982790305e-04 1.400000000000000029e-02
2.473964100886811538e-04 1.400000000000000029e-02
2.491130026067788590e-04 1.400000000000000029e-02
2.508415059277541376e-04 1.400000000000000029e-02
2.525820026962784779e-04 1.400000000000000029e-02
2.543345761304648361e-04 1.400000000000000029e-02
2.560993100258456825e-04 1.400000000000000029e-02
2.578762887593801043e-04 1.400000000000000029e-02
2.596655972934872546e-04 1.400000000000000029e-02
2.614673211801091831e-04 1.400000000000000029e-02
2.632815465648020189e-04 1.400000000000000029e-02
2.651083601908536076e-04 1.400000000000000029e-02
2.669478494034321025e-04 1.400000000000000029e-02
2.688001021537607393e-04 1.400000000000000029e-02
2.706652070033241072e-04 1.400000000000000029e-02
2.725432531281027707e-04 1.400000000000000029e-02
2.744343303228362449e-04 1.400000000000000029e-02
2.763385290053169780e-04 1.400000000000000029e-02
2.782559402207125773e-04 1.400000000000000029e-02
2.801866556459195316e-04 1.400000000000000029e-02
2.821307675939470740e-04 1.400000000000000029e-02
2.840883690183301021e-04 1.400000000000000029e-02
2.860595535175741895e-04 1.400000000000000029e-02
2.880444153396297634e-04 1.400000000000000029e-02
2.900430493863991868e-04 1.400000000000000029e-02
2.920555512182745244e-04 1.400000000000000029e-02
2.940820170587060450e-04 1.400000000000000029e-02
2.961225437988034676e-04 1.400000000000000029e-02
2.981772290019673471e-04 1.400000000000000029e-02
3.002461709085549389e-04 1.400000000000000029e-02
3.023294684405776131e-04 1.400000000000000029e-02
3.044272212064302527e-04 1.400000000000000029e-02
3.065395295056526901e-04 1.400000000000000029e-02
3.086664943337274645e-04 1.400000000000000029e-02
3.108082173869063645e-04 1.400000000000000029e-02
3.129648010670750265e-04 1.400000000000000029e-02
3.151363484866479448e-04 1.400000000000000029e-02
3.173229634734976343e-04 1.400000000000000029e-02
3.195247505759213607e-04 1.400000000000000029e-02
3.217418150676371437e-04 1.400000000000000029e-02
3.239742629528195514e-04 1.400000000000000029e-02
3.262222009711669896e-04 1.400000000000000029e-02
3.284857366030043374e-04 1.400000000000000029e-02
3.307649780744242331e-04 1.400000000000000029e-02
3.330600343624588820e-04 1.400000000000000029e-02
3.353710152002928996e-04 1.400000000000000029e-02
3.376980310825091164e-04 1.400000000000000029e-02
3.400411932703705929e-04 1.400000000000000029e-02
3.424006137971425897e-04 1.400000000000000029e-02
3.447764054734464112e-04 1.400000000000000029e-02
3.471686818926559680e-04 1.400000000000000029e-02
3.495775574363275159e-04 1.400000000000000029e-02
3.520031472796678832e-04 1.400000000000000029e-02
3.544455673970435734e-04 1.400000000000000029e-02
3.569049345675229896e-04 1.400000000000000029e-02
3.593813663804625697e-04 1.400000000000000029e-02
3.618749812411280490e-04 1.400000000000000029e-02
3.643858983763544296e-04 1.400000000000000029e-02
3.669142378402493712e-04 1.400000000000000029e-02
3.694601205199302477e-04 1.400000000000000029e-02
3.720236681413065759e-04 1.400000000000000029e-02
3.746050032748993088e-04 1.400000000000000029e-02
3.772042493416997554e-04 1.400000000000000029e-02
3.798215306190736037e-04 1.400000000000000029e-02
3.824569722466999088e-04 1.400000000000000029e-02
3.851107002325568655e-04 1.400000000000000029e-02
3.877828414589457430e-04 1.400000000000000029e-02
3.904735236885560211e-04 1.400000000000000029e-02
3.931828755705770373e-04 1.400000000000000029e-02
3.959110266468458469e-04 1.400000000000000029e-02
3.986581073580438726e-04 1.400000000000000029e-02
4.014242490499322046e-04 1.400000000000000029e-02
4.042095839796310290e-04 1.400000000000000029e-02
4.070142453219438875e-04 1.400000000000000029e-02
4.098383671757261184e-04 1.400000000000000029e-02
4.126820845702952015e-04 1.400000000000000029e-02
4.155455334718875077e-04 1.400000000000000029e-02
4.184288507901584705e-04 1.400000000000000029e-02
4.213321743847288901e-04 1.400000000000000029e-02
4.242556430717776958e-04 1.400000000000000029e-02
4.271993966306776428e-04 1.400000000000000029e-02
4.301635758106795273e-04 1.400000000000000029e-02
4.331483223376403108e-04 1.400000000000000029e-02
4.361537789208005771e-04 1.400000000000000029e-02
4.391800892596086085e-04 1.400000000000000029e-02
4.422273980505897289e-04 1.400000000000000029e-02
4.452958509942655184e-04 1.400000000000000029e-02
4.483855948021190545e-04 1.400000000000000029e-02
4.514967772036101870e-04 1.400000000000000029e-02
4.546295469532399291e-04 1.400000000000000029e-02
4.577840538376616304e-04 1.400000000000000029e-02
4.609604486828433796e-04 1.400000000000000029e-02
4.641588833612782196e-04 1.400000000000000029e-02
4.673795107992463507e-04 1.400000000000000029e-02
4.706224849841281286e-04 1.400000000000000029e-02
4.738879609717650920e-04 1.400000000000000029e-02
4.771760948938746048e-04 1.400000000000000029e-02
4.804870439655133953e-04 1.400000000000000029e-02
4.838209664925957392e-04 1.400000000000000029e-02
4.871780218794630885e-04 1.400000000000000029e-02
4.905583706365045484e-04 1.400000000000000029e-02
4.939621743878321080e-04 1.400000000000000029e-02
4.973895958790067184e-04 1.400000000000000029e-02
5.008407989848212387e-04 1.400000000000000029e-02
5.043159487171358559e-04 1.400000000000000029e-02
5.078152112327670659e-04 1.400000000000000029e-02
5.113387538414325981e-04 1.400000000000000029e-02
5.148867450137497919e-04 1.400000000000000029e-02
5.184593543892913273e-04 1.400000000000000029e-02
5.220567527846975506e-04 1.400000000000000029e-02
5.256791122018419265e-04 1.400000000000000029e-02
5.293266058360561205e-04 1.400000000000000029e-02
5.329994080844092930e-04 1.400000000000000029e-02
5.366976945540475642e-04 1.400000000000000029e-02
5.404216420705914865e-04 1.400000000000000029e-02
5.441714286865887004e-04 1.400000000000000029e-02
5.479472336900287170e-04 1.400000000000000029e-02
5.517492376129128854e-04 1.400000000000000029e-02
5.555776222398877860e-04 1.400000000000000029e-02
5.594325706169377133e-04 1.400000000000000029e-02
5.633142670601351629e-04 1.400000000000000029e-02
5.672228971644543115e-04 1.400000000000000029e-02
5.711586478126434762e-04 1.400000000000000029e-02
5.751217071841613262e-04 1.400000000000000029e-02
5.791122647641758691e-04 1.400000000000000029e-02
5.831305113526218760e-04 1.400000000000000029e-02
5.871766390733255264e-04 1.400000000000000029e-02
5.912508413831881436e-04 1.400000000000000029e-02
5.953533130814370406e-04 1.400000000000000029e-02
5.994842503189408769e-04 1.400000000000000029e-02
6.036438506075863814e-04 1.400000000000000029e-02
6.078323128297229453e-04 1.400000000000000029e-02
6.120498372476703168e-04 1.400000000000000029e-02
6.162966255132942741e-04 1.400000000000000029e-02
6.205728806776500623e-04 1.400000000000000029e-02
6.248788072006888211e-04 1.400000000000000029e-02
6.292146109610343785e-04 1.400000000000000029e-02
6.335804992658254208e-04 1.400000000000000029e-02
6.379766808606282449e-04 1.400000000000000029e-02
6.424033659394191159e-04 1.400000000000000029e-02
6.468607661546321112e-04 1.400000000000000029e-02
6.513490946272802555e-04 1.400000000000000029e-02
6.558685659571435525e-04 1.400000000000000029e-02
6.604193962330305243e-04 1.400000000000000029e-02
6.650018030431118507e-04 1.400000000000000029e-02
6.696160054853215549e-04 1.400000000000000029e-02
6.742622241778341904e-04 1.400000000000000029e-02
6.789406812696112013e-04 1.400000000000000029e-02
6.836516004510238267e-04 1.400000000000000029e-02
6.883952069645496224e-04 1.400000000000000029e-02
6.931717276155399980e-04 1.400000000000000029e-02
6.979813907830660332e-04 1.400000000000000029e-02
7.028244264308353096e-04 1.400000000000000029e-02
7.077010661181889735e-04 1.400000000000000029e-02
7.126115430111745839e-04 1.400000000000000029e-02
7.175560918936921447e-04 1.400000000000000029e-02
7.225349491787214518e-04 1.400000000000000029e-02
7.275483529196232748e-04 1.400000000000000029e-02
7.325965428215230456e-04 1.400000000000000029e-02
7.376797602527730442e-04 1.400000000000000029e-02
7.427982482564910198e-04 1.400000000000000029e-02
7.479522515621820798e-04 1.400000000000000029e-02
7.531420165974375561e-04 1.400000000000000029e-02
7.583677914997190902e-04 1.400000000000000029e-02
7.636298261282241416e-04 1.400000000000000029e-02
7.689283720758305352e-04 1.400000000000000029e-02
7.742636826811269846e-04 1.400000000000000029e-02
7.796360130405237399e-04 1.400000000000000029e-02
7.850456200204509452e-04 1.400000000000000029e-02
7.904927622696419996e-04 1.400000000000000029e-02
7.959777002314977982e-04 1.400000000000000029e-02
8.015006961565405291e-04 1.400000000000000029e-02
8.070620141149507367e-04 1.400000000000000029e-02
8.126619200091945907e-04 1.400000000000000029e-02
8.183006815867389754e-04 1.400000000000000029e-02
8.239785684528511470e-04 1.400000000000000029e-02
8.296958520834906564e-04 1.400000000000000029e-02
8.354528058382871408e-04 1.400000000000000029e-02
8.412497049736117902e-04 1.400000000000000029e-02
8.470868266557402123e-04 1.400000000000000029e-02
8.529644499741017086e-04 1.400000000000000029e-02
8.588828559546249353e-04 1.400000000000000029e-02
8.648423275731726865e-04 1.400000000000000029e-02
8.708431497690724121e-04 1.400000000000000029e-02
8.768856094587426870e-04 1.400000000000000029e-02
8.829699955494082608e-04 1.400000000000000029e-02
8.890965989529158288e-04 1.400000000000000029e-02
8.952657125996401179e-04 1.400000000000000029e-02
9.014776314524917782e-04 1.400000000000000029e-02
9.077326525210223113e-04 1.400000000000000029e-02
9.140310748756222403e-04 1.400000000000000029e-02
9.203731996618220610e-04 1.400000000000000029e-02
9.267593301146882789e-04 1.400000000000000029e-02
9.331897715733238540e-04 1.400000000000000029e-02
9.396648314954690433e-04 1.400000000000000029e-02
9.461848194721992787e-04 1.400000000000000029e-02
9.527500472427289724e-04 1.400000000000000029e-02
9.593608287093146345e-04 1.400000000000000029e-02
9.660174799522645676e-04 1.400000000000000029e-02
9.727203192450537298e-04 1.400000000000000029e-02
9.794696670695395360e-04 1.400000000000000029e-02
9.862658461312820684e-04 1.400000000000000029e-02
9.931091813749799713e-04 1.400000000000000029e-02
1.000000000000000021e-03 1.400000000000000029e-02
1.006938631476027041e-03 1.400000000000000029e-02
1.013925407558815411e-03 1.400000000000000029e-02
1.020960662306046604e-03 1.400000000000000029e-02
1.028044732093309679e-03 1.400000000000000029e-02
1.035177955630176309e-03 1.400000000000000029e-02
1.042360673976401152e-03 1.400000000000000029e-02
1.049593230558227598e-03 1.400000000000000029e-02
1.056875971184803890e-03 1.400000000000000029e-02
1.064209244064724582e-03 1.400000000000000029e-02
1.071593399822671090e-03 1.400000000000000029e-02
1.079028791516183647e-03 1.400000000000000029e-02
1.086515774652538433e-03 1.400000000000000029e-02
1.094054707205742438e-03 1.400000000000000029e-02
1.101645949633656921e-03 1.400000000000000029e-02
1.109289864895222780e-03 1.400000000000000029e-02
1.116986818467822530e-03 1.400000000000000029e-02
1.124737178364752007e-03 1.400000000000000029e-02
1.132541315152811546e-03 1.400000000000000029e-02
1.140399601970033122e-03 1.400000000000000029e-02
1.148312414543511137e-03 1.400000000000000029e-02
1.156280131207375458e-03 1.400000000000000029e-02
1.164303132920876775e-03 1.400000000000000029e-02
1.172381803286598597e-03 1.400000000000000029e-02
1.180516528568805639e-03 1.400000000000000029e-02
1.188707697711903228e-03 1.400000000000000029e-02
1.196955702359042868e-03 1.400000000000000029e-02
1.205260936870842505e-03 1.400000000000000029e-02
1.213623798344240588e-03 1.400000000000000029e-02
1.222044686631488684e-03 1.400000000000000029e-02
1.230524004359261634e-03 1.400000000000000029e-02
1.239062156947915577e-03 1.400000000000000029e-02
1.247659552630869806e-03 1.400000000000000029e-02
1.256316602474120232e-03 1.400000000000000029e-02
1.265033720395903781e-03 1.400000000000000029e-02
1.273811323186478574e-03 1.400000000000000029e-02
1.282649830528059809e-03 1.420000000000000082e-02
1.291549665014883998e-03 1.420000000000000082e-02
1.300511252173408528e-03 1.420000000000000082e-02
1.309535020482667771e-03 1.420000000000000082e-02
1.318621401394748458e-03 1.420000000000000082e-02
1.327770829355428986e-03 1.420000000000000082e-02
1.336983741824946661e-03 1.420000000000000082e-02
1.346260579298909571e-03 1.420000000000000082e-02
1.355601785329368925e-03 1.420000000000000082e-02
1.365007806546013683e-03 1.420000000000000082e-02
1.374479092677536717e-03 1.420000000000000082e-02
1.384016096573131502e-03 1.420000000000000082e-02
1.393619274224142113e-03 1.420000000000000082e-02
1.403289084785873256e-03 1.420000000000000082e-02
1.413025990599533653e-03 1.420000000000000082e-02
1.422830457214352027e-03 1.420000000000000082e-02
1.432702953409831009e-03 1.420000000000000082e-02
1.442643951218157373e-03 1.420000000000000082e-02
1.452653925946781202e-03 1.420000000000000082e-02
1.462733356201129922e-03 1.420000000000000082e-02
1.472882723907501879e-03 1.420000000000000082e-02
1.483102514336104337e-03 1.420000000000000082e-02
1.493393216124251719e-03 1.420000000000000082e-02
1.503755321299738400e-03 1.420000000000000082e-02
1.514189325304352018e-03 1.420000000000000082e-02
1.524695727017574571e-03 1.420000000000000082e-02
1.535275028780422714e-03 1.420000000000000082e-02
1.545927736419476940e-03 1.420000000000000082e-02
1.556654359271062099e-03 1.420000000000000082e-02
1.567455410205594903e-03 1.420000000000000082e-02
1.578331405652118108e-03 1.420000000000000082e-02
1.589282865622978049e-03 1.420000000000000082e-02
1.600310313738700137e-03 1.420000000000000082e-02
1.611414277253019837e-03 1.420000000000000082e-02
1.622595287078087110e-03 1.420000000000000082e-02
1.633853877809862123e-03 1.420000000000000082e-02
1.645190587753662514e-03 1.420000000000000082e-02
1.656605958949913414e-03 1.420000000000000082e-02
1.668100537200059227e-03 1.420000000000000082e-02
1.679674872092653225e-03 1.420000000000000082e-02
1.691329517029648791e-03 1.420000000000000082e-02
1.703065029252844422e-03 1.420000000000000082e-02
1.714881969870539046e-03 1.420000000000000082e-02
1.726780903884356060e-03 1.420000000000000082e-02
1.738762400216250364e-03 1.420000000000000082e-02
1.750827031735725098e-03 1.420000000000000082e-02
1.762975375287205784e-03 1.420000000000000082e-02
1.775208011717634149e-03 1.420000000000000082e-02
1.787525525904235402e-03 1.420000000000000082e-02
1.799928506782476562e-03 1.420000000000000082e-02
1.812417547374237711e-03 1.420000000000000082e-02
1.824993244816152391e-03 1.420000000000000082e-02
1.837656200388170478e-03 1.420000000000000082e-02
1.850407019542302115e-03 1.420000000000000082e-02
1.863246311931559835e-03 1.420000000000000082e-02
1.876174691439121437e-03 1.420000000000000082e-02
1.889192776207666326e-03 1.420000000000000082e-02
1.902301188668943871e-03 1.420000000000000082e-02
1.915500555573527823e-03 1.420000000000000082e-02
1.928791508020777801e-03 1.420000000000000082e-02
1.942174681489026522e-03 1.420000000000000082e-02
1.955650715865949168e-03 1.420000000000000082e-02
1.969220255479171497e-03 1.420000000000000082e-02
1.982883949127071596e-03 1.420000000000000082e-02
1.996642450109793483e-03 1.420000000000000082e-02
2.010496416260499231e-03 1.420000000000000082e-02
2.024446509976803900e-03 1.420000000000000082e-02
2.038493398252461987e-03 1.420000000000000082e-02
2.052637752709252084e-03 1.420000000000000082e-02
2.066880249629082268e-03 1.420000000000000082e-02
2.081221569986339229e-03 1.420000000000000082e-02
2.095662399480432980e-03 1.420000000000000082e-02
2.110203428568594407e-03 1.420000000000000082e-02
2.124845352498882720e-03 1.420000000000000082e-02
2.139588871343421454e-03 1.420000000000000082e-02
2.154434690031884272e-03 1.420000000000000082e-02
2.169383518385184159e-03 1.420000000000000082e-02
2.184436071149426298e-03 1.420000000000000082e-02
2.199593068030074750e-03 1.420000000000000082e-02
2.214855233726359396e-03 1.420000000000000082e-02
2.230223297965938743e-03 1.420000000000000082e-02
2.245697995539773940e-03 1.420000000000000082e-02
2.261280066337277312e-03 1.420000000000000082e-02
2.276970255381679901e-03 1.420000000000000082e-02
2.292769312865648810e-03 1.420000000000000082e-02
2.308677994187169520e-03 1.420000000000000082e-02
2.324697059985648094e-03 1.420000000000000082e-02
2.340827276178291793e-03 1.420000000000000082e-02
2.357069413996727789e-03 1.420000000000000082e-02
2.373424250023866040e-03 1.420000000000000082e-02
2.389892566231050126e-03 1.420000000000000082e-02
2.406475150015424062e-03 1.420000000000000082e-02
2.423172794237598345e-03 1.420000000000000082e-02
2.439986297259550199e-03 1.420000000000000082e-02
2.456916462982790088e-03 1.420000000000000082e-02
2.473964100886814031e-03 1.420000000000000082e-02
2.491130026067788373e-03 1.420000000000000082e-02
2.508415059277538557e-03 1.420000000000000082e-02
2.525820026962784671e-03 1.420000000000000082e-02
2.543345761304648036e-03 1.420000000000000082e-02
2.560993100258459210e-03 1.420000000000000082e-02
2.578762887593801043e-03 1.420000000000000082e-02
2.596655972934869619e-03 1.420000000000000082e-02
2.614673211801091940e-03 1.420000000000000082e-02
2.632815465648019864e-03 1.420000000000000082e-02
2.651083601908538895e-03 1.420000000000000082e-02
2.669478494034320699e-03 1.420000000000000082e-02
2.688001021537604791e-03 1.420000000000000082e-02
2.706652070033241288e-03 1.420000000000000082e-02
2.725432531281027707e-03 1.420000000000000082e-02
2.744343303228365376e-03 1.420000000000000082e-02
2.763385290053169997e-03 1.420000000000000082e-02
2.782559402207125665e-03 1.420000000000000082e-02
2.801866556459195207e-03 1.420000000000000082e-02
2.821307675939470957e-03 1.420000000000000082e-02
2.840883690183303948e-03 1.420000000000000082e-02
2.860595535175741895e-03 1.420000000000000082e-02
2.880444153396298067e-03 1.420000000000000082e-02
2.900430493863991651e-03 1.420000000000000082e-02
2.920555512182745027e-03 1.420000000000000082e-02
2.940820170587063812e-03 1.420000000000000082e-02
2.961225437988034351e-03 1.420000000000000082e-02
2.981772290019673362e-03 1.420000000000000082e-02
3.002461709085549064e-03 1.420000000000000082e-02
3.023294684405776565e-03 1.420000000000000082e-02
3.044272212064302961e-03 1.420000000000000082e-02
3.065395295056526793e-03 1.420000000000000082e-02
3.086664943337274428e-03 1.420000000000000082e-02
3.108082173869063970e-03 1.420000000000000082e-02
3.129648010670750373e-03 1.420000000000000082e-02
3.151363484866479339e-03 1.420000000000000082e-02
3.173229634734976452e-03 1.420000000000000082e-02
3.195247505759213607e-03 1.420000000000000082e-02
3.217418150676371654e-03 1.420000000000000082e-02
3.239742629528195514e-03 1.420000000000000082e-02
3.262222009711669788e-03 1.420000000000000082e-02
3.284857366030043482e-03 1.420000000000000082e-02
3.307649780744242440e-03 1.420000000000000082e-02
3.330600343624588386e-03 1.420000000000000082e-02
3.353710152002928671e-03 1.420000000000000082e-02
3.376980310825091272e-03 1.420000000000000082e-02
3.400411932703706255e-03 1.420000000000000082e-02
3.424006137971425789e-03 1.420000000000000082e-02
3.447764054734464220e-03 1.420000000000000082e-02
3.471686818926559247e-03 1.420000000000000082e-02
3.495775574363275268e-03 1.420000000000000082e-02
3.520031472796678832e-03 1.420000000000000082e-02
3.544455673970435625e-03 1.420000000000000082e-02
3.569049345675229679e-03 1.420000000000000082e-02
3.593813663804625805e-03 1.420000000000000082e-02
3.618749812411280273e-03 1.420000000000000082e-02
3.643858983763544404e-03 1.420000000000000082e-02
3.669142378402494038e-03 1.420000000000000082e-02
3.694601205199302477e-03 1.420000000000000082e-02
3.720236681413065759e-03 1.420000000000000082e-02
3.746050032748993088e-03 1.420000000000000082e-02
3.772042493416997554e-03 1.420000000000000082e-02
3.798215306190736145e-03 1.420000000000000082e-02
3.824569722466999305e-03 1.420000000000000082e-02
3.851107002325568872e-03 1.420000000000000082e-02
3.877828414589457214e-03 1.420000000000000082e-02
3.904735236885560103e-03 1.420000000000000082e-02
3.931828755705770589e-03 1.420000000000000082e-02
3.959110266468458469e-03 1.420000000000000082e-02
3.986581073580438943e-03 1.420000000000000082e-02
4.014242490499322046e-03 1.420000000000000082e-02
4.042095839796306170e-03 1.420000000000000082e-02
4.070142453219439092e-03 1.420000000000000082e-02
4.098383671757261509e-03 1.420000000000000082e-02
4.126820845702951907e-03 1.420000000000000082e-02
4.155455334718875619e-03 1.420000000000000082e-02
4.184288507901580585e-03 1.420000000000000082e-02
4.213321743847289226e-03 1.420000000000000082e-02
4.242556430717777174e-03 1.420000000000000082e-02
4.271993966306776754e-03 1.420000000000000082e-02
4.301635758106795056e-03 1.420000000000000082e-02
4.331483223376398663e-03 1.420000000000000082e-02
4.361537789208005771e-03 1.420000000000000082e-02
4.391800892596085977e-03 1.420000000000000082e-02
4.422273980505896963e-03 1.420000000000000082e-02
4.452958509942655727e-03 1.420000000000000082e-02
4.483855948021185991e-03 1.420000000000000082e-02
4.514967772036101654e-03 1.420000000000000082e-02
4.546295469532399616e-03 1.420000000000000082e-02
4.577840538376616412e-03 1.420000000000000082e-02
4.609604486828434121e-03 1.420000000000000082e-02
4.641588833612777208e-03 1.420000000000000082e-02
4.673795107992463616e-03 1.420000000000000082e-02
4.706224849841281720e-03 1.420000000000000082e-02
4.738879609717651029e-03 1.420000000000000082e-02
4.771760948938746048e-03 1.420000000000000082e-02
4.804870439655129291e-03 1.420000000000000082e-02
4.838209664925957609e-03 1.420000000000000082e-02
4.871780218794630885e-03 1.420000000000000082e-02
4.905583706365045267e-03 1.420000000000000082e-02
4.939621743878320863e-03 1.420000000000000082e-02
4.973895958790062848e-03 1.420000000000000082e-02
5.008407989848212387e-03 1.420000000000000082e-02
5.043159487171358993e-03 1.420000000000000082e-02
5.078152112327675646e-03 1.420000000000000082e-02
5.113387538414325764e-03 1.420000000000000082e-02
5.148867450137492065e-03 1.420000000000000082e-02
5.184593543892912840e-03 1.420000000000000082e-02
5.220567527846975073e-03 1.420000000000000082e-02
5.256791122018424252e-03 1.420000000000000082e-02
5.293266058360561639e-03 1.420000000000000082e-02
5.329994080844087725e-03 1.420000000000000082e-02
5.366976945540476510e-03 1.420000000000000082e-02
5.404216420705915298e-03 1.420000000000000082e-02
5.441714286865893292e-03 1.420000000000000082e-02
5.479472336900287170e-03 1.420000000000000082e-02
5.517492376129123216e-03 1.420000000000000082e-02
5.555776222398878077e-03 1.420000000000000082e-02
5.594325706169377133e-03 1.420000000000000082e-02
5.633142670601357267e-03 1.420000000000000082e-02
5.672228971644543115e-03 1.420000000000000082e-02
5.711586478126429341e-03 1.420000000000000082e-02
5.751217071841613696e-03 1.420000000000000082e-02
5.791122647641758041e-03 1.420000000000000082e-02
5.831305113526225048e-03 1.420000000000000082e-02
5.871766390733255264e-03 1.420000000000000082e-02
5.912508413831875365e-03 1.420000000000000082e-02
5.953533130814370189e-03 1.420000000000000082e-02
5.994842503189408769e-03 1.420000000000000082e-02
6.036438506075870319e-03 1.420000000000000082e-02
6.078323128297229670e-03 1.420000000000000082e-02
6.120498372476696446e-03 1.420000000000000082e-02
6.162966255132942307e-03 1.420000000000000082e-02
6.205728806776500406e-03 1.420000000000000082e-02
6.248788072006894283e-03 1.420000000000000082e-02
6.292146109610343568e-03 1.420000000000000082e-02
6.335804992658247703e-03 1.420000000000000082e-02
6.379766808606282015e-03 1.420000000000000082e-02
6.424033659394191159e-03 1.420000000000000082e-02
6.468607661546327617e-03 1.420000000000000082e-02
6.513490946272802555e-03 1.420000000000000082e-02
6.558685659571428586e-03 1.420000000000000082e-02
6.604193962330305243e-03 1.420000000000000082e-02
6.650018030431118291e-03 1.420000000000000082e-02
6.696160054853222271e-03 1.420000000000000082e-02
6.742622241778342337e-03 1.420000000000000082e-02
6.789406812696105291e-03 1.420000000000000082e-02
6.836516004510238484e-03 1.420000000000000082e-02
6.883952069645496441e-03 1.420000000000000082e-02
6.931717276155407136e-03 1.420000000000000082e-02
6.979813907830660115e-03 1.420000000000000082e-02
7.028244264308345507e-03 1.420000000000000082e-02
7.077010661181889518e-03 1.420000000000000082e-02
7.126115430111745405e-03 1.420000000000000082e-02
7.175560918936928385e-03 1.420000000000000082e-02
7.225349491787214085e-03 1.420000000000000082e-02
7.275483529196225159e-03 1.420000000000000082e-02
7.325965428215230023e-03 1.420000000000000082e-02
7.376797602527730875e-03 1.420000000000000082e-02
7.427982482564918221e-03 1.420000000000000082e-02
7.479522515621821015e-03 1.420000000000000082e-02
7.531420165974368405e-03 1.420000000000000082e-02
7.583677914997190468e-03 1.420000000000000082e-02
7.636298261282242067e-03 1.420000000000000082e-02
7.689283720758313158e-03 1.420000000000000082e-02
7.742636826811269413e-03 1.420000000000000082e-02
7.796360130405228725e-03 1.420000000000000082e-02
7.850456200204509669e-03 1.420000000000000082e-02
7.904927622696419562e-03 1.420000000000000082e-02
7.959777002314986222e-03 1.420000000000000082e-02
8.015006961565405291e-03 1.420000000000000082e-02
8.070620141149498911e-03 1.420000000000000082e-02
8.126619200091946341e-03 1.420000000000000082e-02
8.183006815867388886e-03 1.420000000000000082e-02
8.239785684528520143e-03 1.420000000000000082e-02
8.296958520834906564e-03 1.420000000000000082e-02
8.354528058382862735e-03 1.420000000000000082e-02
8.412497049736117685e-03 1.420000000000000082e-02
8.470868266557402340e-03 1.420000000000000082e-02
8.529644499741025759e-03 1.420000000000000082e-02
8.588828559546249353e-03 1.420000000000000082e-02
8.648423275731717541e-03 1.420000000000000082e-02
8.708431497690724554e-03 1.420000000000000082e-02
8.768856094587426653e-03 1.420000000000000082e-02
8.829699955494091715e-03 1.420000000000000082e-02
8.890965989529158939e-03 1.420000000000000082e-02
8.952657125996400095e-03 1.420000000000000082e-02
9.014776314524916914e-03 1.420000000000000082e-02
9.077326525210224414e-03 1.420000000000000082e-02
9.140310748756232812e-03 1.420000000000000082e-02
9.203731996618221695e-03 1.420000000000000082e-02
9.267593301146882789e-03 1.420000000000000082e-02
9.331897715733238757e-03 1.420000000000000082e-02
9.396648314954691300e-03 1.420000000000000082e-02
9.461848194722002545e-03 1.420000000000000082e-02
9.527500472427289507e-03 1.420000000000000082e-02
9.593608287093146128e-03 1.420000000000000082e-02
9.660174799522646544e-03 1.420000000000000082e-02
9.727203192450536648e-03 1.420000000000000082e-02
9.794696670695395360e-03 1.420000000000000082e-02
9.862658461312821118e-03 1.420000000000000082e-02
9.931091813749801447e-03 1.420000000000000082e-02
1.000000000000000021e-02 1.420000000000000082e-02
